8
660
178.000000000	129.800000000	118.600000000	179.900000000	3.600000000	1007.300000000	746.800000000	3	20.730000000
173.000000000	116.000000000	0.000000000	192.000000000	0.000000000	946.800000000	856.800000000	90	32.100000000
298.000000000	0.000000000	107.000000000	210.000000000	11.000000000	880.000000000	744.000000000	28	31.870000000
236.000000000	0.000000000	0.000000000	194.000000000	0.000000000	968.000000000	885.000000000	90	21.950000000
350.000000000	0.000000000	0.000000000	203.000000000	0.000000000	974.000000000	775.000000000	56	29.980000000
540.000000000	0.000000000	0.000000000	173.000000000	0.000000000	1125.000000000	613.000000000	180	71.620000000
295.700000000	0.000000000	95.600000000	171.500000000	8.900000000	955.100000000	859.200000000	28	39.940000000
157.000000000	236.000000000	0.000000000	192.000000000	0.000000000	935.400000000	781.200000000	3	9.690000000
331.000000000	0.000000000	0.000000000	192.000000000	0.000000000	978.000000000	825.000000000	360	41.240000000
322.000000000	149.000000000	0.000000000	186.000000000	8.000000000	951.000000000	709.000000000	28	52.420000000
213.700000000	98.100000000	24.500000000	181.700000000	6.900000000	1065.800000000	785.400000000	3	18.000000000
387.000000000	20.000000000	94.000000000	157.000000000	13.900000000	938.000000000	845.000000000	7	45.900000000
165.000000000	128.500000000	132.100000000	175.100000000	8.100000000	1005.800000000	746.600000000	14	33.090000000
331.000000000	0.000000000	0.000000000	192.000000000	0.000000000	978.000000000	825.000000000	3	13.520000000
525.000000000	0.000000000	0.000000000	189.000000000	0.000000000	1125.000000000	613.000000000	7	42.420000000
337.900000000	189.000000000	0.000000000	174.900000000	9.500000000	944.700000000	755.800000000	28	49.900000000
143.800000000	136.300000000	106.200000000	178.100000000	7.500000000	941.500000000	774.300000000	28	26.150000000
281.000000000	0.000000000	0.000000000	185.000000000	0.000000000	1104.000000000	774.000000000	28	22.440000000
194.700000000	0.000000000	100.500000000	165.600000000	7.500000000	1006.400000000	905.900000000	14	24.990000000
159.000000000	209.000000000	161.000000000	201.000000000	7.000000000	848.000000000	669.000000000	28	30.880000000
290.400000000	0.000000000	96.200000000	168.100000000	9.400000000	961.200000000	865.000000000	3	22.500000000
139.600000000	209.400000000	0.000000000	192.000000000	0.000000000	1047.000000000	806.900000000	90	39.360000000
318.800000000	212.500000000	0.000000000	155.700000000	14.300000000	852.100000000	880.400000000	7	33.400000000
337.900000000	189.000000000	0.000000000	174.900000000	9.500000000	944.700000000	755.800000000	7	35.100000000
190.300000000	0.000000000	125.200000000	166.600000000	9.900000000	1079.000000000	798.900000000	100	33.560000000
122.600000000	183.900000000	0.000000000	203.500000000	0.000000000	958.200000000	800.100000000	7	10.350000000
190.300000000	0.000000000	125.200000000	166.600000000	9.900000000	1079.000000000	798.900000000	14	19.420000000
213.500000000	0.000000000	174.200000000	159.200000000	11.700000000	1043.600000000	771.900000000	28	44.640000000
380.000000000	0.000000000	0.000000000	228.000000000	0.000000000	932.000000000	670.000000000	365	52.520000000
475.000000000	118.800000000	0.000000000	181.100000000	8.900000000	852.100000000	781.500000000	3	37.800000000
362.600000000	189.000000000	0.000000000	164.900000000	11.600000000	944.700000000	755.800000000	56	77.300000000
389.900000000	189.000000000	0.000000000	145.900000000	22.000000000	944.700000000	755.800000000	3	40.600000000
173.500000000	50.100000000	173.500000000	164.800000000	6.500000000	1006.200000000	793.500000000	28	38.200000000
310.000000000	143.000000000	0.000000000	168.000000000	10.000000000	914.000000000	804.000000000	28	45.300000000
522.000000000	0.000000000	0.000000000	146.000000000	0.000000000	896.000000000	896.000000000	7	50.510000000
382.000000000	0.000000000	0.000000000	185.000000000	0.000000000	1047.000000000	739.000000000	28	37.420000000
213.800000000	98.100000000	24.500000000	181.700000000	6.700000000	1066.000000000	785.500000000	56	47.130000000
261.900000000	110.500000000	86.100000000	195.400000000	5.000000000	895.200000000	732.600000000	28	33.720000000
349.000000000	0.000000000	0.000000000	192.000000000	0.000000000	1047.000000000	806.000000000	28	32.720000000
212.600000000	0.000000000	100.400000000	159.400000000	10.400000000	1003.800000000	903.800000000	14	25.370000000
389.900000000	189.000000000	0.000000000	145.900000000	22.000000000	944.700000000	755.800000000	91	82.600000000
190.300000000	0.000000000	125.200000000	161.900000000	9.900000000	1088.100000000	802.600000000	3	9.450000000
255.300000000	98.800000000	77.000000000	188.600000000	6.500000000	919.000000000	749.300000000	28	33.800000000
166.800000000	250.200000000	0.000000000	203.500000000	0.000000000	975.600000000	692.600000000	7	15.750000000
164.000000000	163.000000000	128.000000000	197.000000000	8.000000000	961.000000000	641.000000000	28	27.230000000
275.000000000	180.000000000	120.000000000	162.000000000	10.400000000	830.000000000	765.000000000	28	76.240000000
349.000000000	0.000000000	0.000000000	192.000000000	0.000000000	1047.000000000	806.000000000	360	42.130000000
401.800000000	94.700000000	0.000000000	147.400000000	11.400000000	946.800000000	852.100000000	56	73.700000000
173.800000000	93.400000000	159.900000000	172.300000000	9.700000000	1007.200000000	746.600000000	28	37.810000000
202.000000000	11.000000000	141.000000000	206.000000000	1.700000000	942.000000000	801.000000000	28	21.970000000
400.000000000	0.000000000	0.000000000	187.000000000	0.000000000	1025.000000000	745.000000000	7	30.140000000
446.000000000	24.000000000	79.000000000	162.000000000	11.600000000	967.000000000	712.000000000	28	57.030000000
141.300000000	212.000000000	0.000000000	203.500000000	0.000000000	971.800000000	748.500000000	90	39.660000000
251.800000000	0.000000000	99.900000000	146.100000000	12.400000000	1006.000000000	899.800000000	56	44.140000000
165.000000000	128.500000000	132.100000000	175.100000000	8.100000000	1005.800000000	746.600000000	56	53.720000000
148.100000000	0.000000000	136.600000000	158.100000000	16.100000000	1001.800000000	830.100000000	28	17.960000000
333.000000000	17.500000000	163.000000000	167.000000000	17.900000000	996.000000000	652.000000000	28	47.280000000
149.000000000	153.000000000	194.000000000	192.000000000	8.000000000	935.000000000	623.000000000	28	24.580000000
350.000000000	0.000000000	0.000000000	203.000000000	0.000000000	974.000000000	775.000000000	90	31.350000000
332.500000000	142.500000000	0.000000000	228.000000000	0.000000000	932.000000000	594.000000000	365	41.050000000
159.000000000	149.000000000	116.000000000	175.000000000	15.000000000	953.000000000	720.000000000	28	27.680000000
213.800000000	98.100000000	24.500000000	181.700000000	6.700000000	1066.000000000	785.500000000	14	17.840000000
380.000000000	95.000000000	0.000000000	228.000000000	0.000000000	932.000000000	594.000000000	365	43.700000000
339.000000000	0.000000000	0.000000000	185.000000000	0.000000000	1069.000000000	754.000000000	7	21.160000000
153.600000000	144.200000000	112.300000000	220.100000000	10.100000000	923.200000000	657.900000000	28	16.500000000
167.400000000	129.900000000	128.600000000	175.500000000	7.800000000	1006.300000000	746.600000000	28	41.200000000
331.000000000	0.000000000	0.000000000	192.000000000	0.000000000	978.000000000	825.000000000	180	39.000000000
286.300000000	200.900000000	0.000000000	144.700000000	11.200000000	1004.600000000	803.700000000	3	24.400000000
362.600000000	189.000000000	0.000000000	164.900000000	11.600000000	944.700000000	755.800000000	3	35.300000000
310.000000000	0.000000000	0.000000000	192.000000000	0.000000000	1012.000000000	830.000000000	7	17.240000000
362.600000000	189.000000000	0.000000000	164.900000000	11.600000000	944.700000000	755.800000000	56	77.300000000
333.000000000	0.000000000	0.000000000	192.000000000	0.000000000	931.200000000	842.600000000	90	41.680000000
310.000000000	0.000000000	0.000000000	192.000000000	0.000000000	1012.000000000	830.000000000	28	27.830000000
286.300000000	200.900000000	0.000000000	144.700000000	11.200000000	1004.600000000	803.700000000	91	76.800000000
212.000000000	141.300000000	0.000000000	203.500000000	0.000000000	973.400000000	750.000000000	28	33.000000000
158.800000000	238.200000000	0.000000000	185.700000000	0.000000000	1040.600000000	734.300000000	28	21.070000000
272.800000000	105.100000000	81.800000000	209.700000000	9.000000000	904.000000000	679.700000000	28	37.170000000
349.000000000	0.000000000	0.000000000	192.000000000	0.000000000	1047.000000000	806.000000000	3	14.990000000
143.700000000	170.200000000	132.600000000	191.600000000	8.500000000	814.100000000	805.300000000	28	29.870000000
159.000000000	187.000000000	0.000000000	176.000000000	11.000000000	990.000000000	789.000000000	28	32.760000000
305.300000000	203.500000000	0.000000000	203.500000000	0.000000000	965.400000000	631.000000000	3	14.140000000
316.100000000	210.700000000	0.000000000	185.700000000	0.000000000	977.000000000	689.300000000	7	24.440000000
155.600000000	243.500000000	0.000000000	180.300000000	10.700000000	1022.000000000	697.700000000	28	37.360000000
362.600000000	189.000000000	0.000000000	164.900000000	11.600000000	944.700000000	755.800000000	91	79.300000000
178.000000000	129.800000000	118.600000000	179.900000000	3.600000000	1007.300000000	746.800000000	100	49.990000000
310.000000000	0.000000000	0.000000000	192.000000000	0.000000000	970.000000000	850.000000000	7	14.990000000
296.000000000	0.000000000	0.000000000	192.000000000	0.000000000	1085.000000000	765.000000000	7	14.200000000
173.000000000	116.000000000	0.000000000	192.000000000	0.000000000	946.800000000	856.800000000	3	6.940000000
313.300000000	262.200000000	0.000000000	175.500000000	8.600000000	1046.900000000	611.800000000	3	28.800000000
214.900000000	53.800000000	121.900000000	155.600000000	9.600000000	1014.300000000	780.600000000	14	38.600000000
290.200000000	193.500000000	0.000000000	185.700000000	0.000000000	998.200000000	704.300000000	28	33.040000000
190.000000000	190.000000000	0.000000000	228.000000000	0.000000000	932.000000000	670.000000000	270	50.660000000
141.300000000	212.000000000	0.000000000	203.500000000	0.000000000	971.800000000	748.500000000	3	4.830000000
173.800000000	93.400000000	159.900000000	172.300000000	9.700000000	1007.200000000	746.600000000	14	29.550000000
505.000000000	0.000000000	60.000000000	195.000000000	0.000000000	1030.000000000	630.000000000	28	64.020000000
237.500000000	237.500000000	0.000000000	228.000000000	0.000000000	932.000000000	594.000000000	365	39.000000000
220.800000000	147.200000000	0.000000000	185.700000000	0.000000000	1055.000000000	744.300000000	28	25.750000000
469.000000000	117.200000000	0.000000000	137.800000000	32.200000000	852.100000000	840.500000000	7	54.900000000
425.000000000	106.300000000	0.000000000	153.500000000	16.500000000	852.100000000	887.100000000	91	65.200000000
342.000000000	38.000000000	0.000000000	228.000000000	0.000000000	932.000000000	670.000000000	90	50.460000000
331.000000000	0.000000000	0.000000000	192.000000000	0.000000000	1025.000000000	821.000000000	7	17.440000000
290.400000000	0.000000000	96.200000000	168.100000000	9.400000000	961.200000000	865.000000000	56	45.080000000
313.300000000	262.200000000	0.000000000	175.500000000	8.600000000	1046.900000000	611.800000000	28	59.800000000
140.000000000	133.000000000	103.000000000	200.000000000	7.000000000	916.000000000	753.000000000	28	36.440000000
339.000000000	0.000000000	0.000000000	197.000000000	0.000000000	968.000000000	781.000000000	365	38.890000000
145.000000000	0.000000000	134.000000000	181.000000000	11.000000000	979.000000000	812.000000000	28	13.200000000
148.000000000	0.000000000	182.000000000	181.000000000	15.000000000	839.000000000	884.000000000	28	15.520000000
331.000000000	0.000000000	0.000000000	192.000000000	0.000000000	879.000000000	825.000000000	3	13.520000000
325.000000000	0.000000000	0.000000000	184.000000000	0.000000000	1063.000000000	783.000000000	7	17.540000000
251.800000000	0.000000000	99.900000000	146.100000000	12.400000000	1006.000000000	899.800000000	14	33.360000000
480.000000000	0.000000000	0.000000000	192.000000000	0.000000000	936.000000000	721.000000000	90	54.280000000
262.000000000	111.000000000	86.000000000	195.000000000	5.000000000	895.000000000	733.000000000	28	33.720000000
266.200000000	112.300000000	87.500000000	177.900000000	10.400000000	909.700000000	744.500000000	28	39.420000000
168.000000000	42.100000000	163.800000000	121.800000000	5.700000000	1058.700000000	780.100000000	14	17.820000000
540.000000000	0.000000000	0.000000000	173.000000000	0.000000000	1125.000000000	613.000000000	14	59.760000000
148.100000000	0.000000000	182.100000000	181.400000000	15.000000000	838.900000000	884.300000000	28	15.530000000
213.700000000	98.100000000	24.500000000	181.700000000	6.900000000	1065.800000000	785.400000000	28	45.710000000
236.000000000	157.000000000	0.000000000	192.000000000	0.000000000	972.600000000	749.100000000	90	47.780000000
238.200000000	158.800000000	0.000000000	185.700000000	0.000000000	1040.600000000	734.300000000	28	26.910000000
356.000000000	0.000000000	142.000000000	193.000000000	11.000000000	801.000000000	778.000000000	28	40.870000000
135.000000000	105.000000000	193.000000000	196.000000000	6.000000000	965.000000000	643.000000000	28	21.910000000
295.700000000	0.000000000	95.600000000	171.500000000	8.900000000	955.100000000	859.200000000	56	48.720000000
531.300000000	0.000000000	0.000000000	141.800000000	28.200000000	852.100000000	893.700000000	7	46.900000000
374.000000000	189.200000000	0.000000000	170.100000000	10.100000000	926.100000000	756.700000000	28	61.090000000
193.500000000	290.200000000	0.000000000	185.700000000	0.000000000	998.200000000	704.300000000	28	32.630000000
277.000000000	0.000000000	0.000000000	191.000000000	0.000000000	968.000000000	856.000000000	90	31.250000000
374.000000000	189.200000000	0.000000000	170.100000000	10.100000000	926.100000000	756.700000000	91	64.900000000
350.000000000	0.000000000	0.000000000	203.000000000	0.000000000	974.000000000	775.000000000	14	22.530000000
356.000000000	119.000000000	0.000000000	160.000000000	9.000000000	1061.000000000	657.000000000	28	59.000000000
254.000000000	0.000000000	0.000000000	198.000000000	0.000000000	968.000000000	863.000000000	90	26.940000000
382.500000000	0.000000000	0.000000000	185.700000000	0.000000000	1047.800000000	739.300000000	28	37.440000000
297.000000000	0.000000000	0.000000000	186.000000000	0.000000000	1040.000000000	734.000000000	7	30.960000000
159.800000000	250.000000000	0.000000000	168.400000000	12.200000000	1049.300000000	688.200000000	28	39.460000000
540.000000000	0.000000000	0.000000000	173.000000000	0.000000000	1125.000000000	613.000000000	7	52.610000000
491.000000000	26.000000000	123.000000000	201.000000000	3.900000000	822.000000000	699.000000000	3	29.550000000
531.300000000	0.000000000	0.000000000	141.800000000	28.200000000	852.100000000	893.700000000	56	58.800000000
425.000000000	106.300000000	0.000000000	151.400000000	18.600000000	936.000000000	803.700000000	7	46.800000000
246.800000000	0.000000000	125.100000000	143.300000000	12.000000000	1086.800000000	800.900000000	56	60.320000000
305.300000000	203.500000000	0.000000000	203.500000000	0.000000000	965.400000000	631.000000000	7	25.890000000
173.800000000	93.400000000	159.900000000	172.300000000	9.700000000	1007.200000000	746.600000000	100	50.940000000
153.000000000	102.000000000	0.000000000	192.000000000	0.000000000	888.000000000	943.100000000	28	17.960000000
298.100000000	0.000000000	107.500000000	163.600000000	12.800000000	953.200000000	784.000000000	28	35.870000000
359.000000000	19.000000000	141.000000000	154.000000000	10.900000000	942.000000000	801.000000000	56	66.780000000
140.000000000	164.000000000	128.000000000	237.000000000	6.000000000	869.000000000	656.000000000	28	35.230000000
135.700000000	203.500000000	0.000000000	185.700000000	0.000000000	1076.200000000	759.300000000	28	18.200000000
190.300000000	0.000000000	125.200000000	161.900000000	9.900000000	1088.100000000	802.600000000	100	40.390000000
238.100000000	0.000000000	0.000000000	185.700000000	0.000000000	1118.800000000	789.300000000	28	17.580000000
213.700000000	0.000000000	174.700000000	154.800000000	10.200000000	1053.500000000	776.400000000	14	33.730000000
218.900000000	0.000000000	124.100000000	158.500000000	11.300000000	1078.700000000	794.900000000	14	26.050000000
439.000000000	177.000000000	0.000000000	186.000000000	11.100000000	884.900000000	707.900000000	28	66.000000000
500.000000000	0.000000000	0.000000000	200.000000000	0.000000000	1125.000000000	613.000000000	1	12.640000000
212.500000000	0.000000000	100.400000000	159.300000000	8.700000000	1007.800000000	903.600000000	3	13.540000000
182.000000000	45.200000000	122.000000000	170.200000000	8.200000000	1059.400000000	780.700000000	3	7.320000000
213.500000000	0.000000000	174.200000000	154.600000000	11.700000000	1052.300000000	775.500000000	100	59.300000000
322.500000000	148.600000000	0.000000000	185.800000000	8.500000000	951.000000000	709.500000000	28	52.430000000
277.200000000	97.800000000	24.500000000	160.700000000	11.200000000	1061.700000000	782.500000000	100	66.950000000
122.600000000	183.900000000	0.000000000	203.500000000	0.000000000	958.200000000	800.100000000	3	3.320000000
255.500000000	170.300000000	0.000000000	185.700000000	0.000000000	1026.600000000	724.300000000	7	17.240000000
288.000000000	192.000000000	0.000000000	192.000000000	0.000000000	932.000000000	717.800000000	7	23.520000000
266.000000000	114.000000000	0.000000000	228.000000000	0.000000000	932.000000000	670.000000000	180	48.700000000
480.000000000	0.000000000	0.000000000	192.000000000	0.000000000	936.200000000	712.200000000	3	24.400000000
285.000000000	190.000000000	0.000000000	163.000000000	7.600000000	1031.000000000	685.000000000	28	53.580000000
480.000000000	0.000000000	0.000000000	192.000000000	0.000000000	936.200000000	712.200000000	28	43.940000000
295.700000000	0.000000000	95.600000000	171.500000000	8.900000000	955.100000000	859.200000000	14	35.230000000
251.400000000	0.000000000	118.300000000	192.900000000	5.800000000	1043.600000000	754.300000000	100	40.150000000
277.100000000	0.000000000	97.400000000	160.600000000	11.800000000	973.900000000	875.600000000	100	55.640000000
255.000000000	0.000000000	0.000000000	192.000000000	0.000000000	889.800000000	945.000000000	90	21.860000000
349.000000000	0.000000000	0.000000000	192.000000000	0.000000000	1056.000000000	809.000000000	120	40.860000000
251.400000000	0.000000000	118.300000000	188.500000000	5.800000000	1028.400000000	757.700000000	14	29.930000000
325.000000000	0.000000000	0.000000000	184.000000000	0.000000000	1063.000000000	783.000000000	28	30.570000000
212.500000000	0.000000000	100.400000000	159.300000000	8.700000000	1007.800000000	903.600000000	56	42.550000000
446.000000000	24.000000000	79.000000000	162.000000000	11.600000000	967.000000000	712.000000000	3	25.020000000
212.100000000	0.000000000	121.600000000	180.300000000	5.700000000	1057.600000000	779.300000000	3	12.470000000
149.000000000	118.000000000	92.000000000	183.000000000	7.000000000	953.000000000	780.000000000	28	23.520000000
349.000000000	0.000000000	0.000000000	192.000000000	0.000000000	1056.000000000	809.000000000	28	33.610000000
200.000000000	133.000000000	0.000000000	192.000000000	0.000000000	965.400000000	806.200000000	7	17.170000000
284.000000000	15.000000000	141.000000000	179.000000000	5.500000000	842.000000000	801.000000000	28	43.730000000
162.000000000	214.000000000	164.000000000	202.000000000	10.000000000	820.000000000	680.000000000	28	30.650000000
200.000000000	200.000000000	0.000000000	190.000000000	0.000000000	1145.000000000	660.000000000	28	49.250000000
362.600000000	189.000000000	0.000000000	164.900000000	11.600000000	944.700000000	755.800000000	7	55.900000000
203.500000000	305.300000000	0.000000000	203.500000000	0.000000000	963.400000000	630.000000000	28	41.680000000
132.000000000	207.000000000	161.000000000	179.000000000	5.000000000	867.000000000	736.000000000	28	33.300000000
349.000000000	0.000000000	0.000000000	192.000000000	0.000000000	1047.000000000	806.900000000	3	15.050000000
252.000000000	0.000000000	0.000000000	185.000000000	0.000000000	1111.000000000	784.000000000	28	19.690000000
525.000000000	0.000000000	0.000000000	189.000000000	0.000000000	1125.000000000	613.000000000	90	58.780000000
362.600000000	189.000000000	0.000000000	164.900000000	11.600000000	944.700000000	755.800000000	91	79.300000000
288.000000000	121.000000000	0.000000000	177.000000000	7.000000000	908.000000000	829.000000000	28	42.130000000
190.300000000	0.000000000	125.200000000	161.900000000	9.900000000	1088.100000000	802.600000000	14	22.720000000
251.400000000	0.000000000	118.300000000	188.500000000	5.800000000	1028.400000000	757.700000000	28	29.650000000
325.600000000	166.400000000	0.000000000	174.000000000	8.900000000	881.600000000	790.000000000	28	61.240000000
332.500000000	142.500000000	0.000000000	228.000000000	0.000000000	932.000000000	594.000000000	180	39.780000000
168.000000000	42.100000000	163.800000000	121.800000000	5.700000000	1058.700000000	780.100000000	28	24.240000000
155.000000000	0.000000000	143.000000000	193.000000000	9.000000000	1047.000000000	697.000000000	28	12.460000000
149.000000000	117.600000000	91.700000000	182.900000000	7.100000000	953.400000000	780.300000000	28	23.520000000
213.700000000	0.000000000	174.700000000	154.800000000	10.200000000	1053.500000000	776.400000000	3	17.570000000
376.000000000	0.000000000	0.000000000	214.600000000	0.000000000	1003.500000000	762.400000000	14	25.620000000
162.000000000	190.100000000	148.100000000	178.800000000	18.800000000	838.100000000	741.400000000	28	33.760000000
359.000000000	19.000000000	141.000000000	154.000000000	10.900000000	942.000000000	801.000000000	7	35.750000000
295.800000000	0.000000000	0.000000000	185.700000000	0.000000000	1091.400000000	769.300000000	28	25.220000000
321.400000000	0.000000000	127.900000000	182.500000000	11.500000000	870.100000000	779.700000000	28	37.270000000
108.300000000	162.400000000	0.000000000	203.500000000	0.000000000	938.200000000	849.000000000	28	20.590000000
200.000000000	133.000000000	0.000000000	192.000000000	0.000000000	965.400000000	806.200000000	28	30.440000000
250.000000000	0.000000000	95.700000000	191.800000000	5.300000000	948.900000000	857.200000000	56	39.640000000
295.000000000	0.000000000	0.000000000	185.000000000	0.000000000	1069.000000000	769.000000000	7	14.800000000
362.600000000	189.000000000	0.000000000	164.900000000	11.600000000	944.700000000	755.800000000	56	77.300000000
376.000000000	0.000000000	0.000000000	214.600000000	0.000000000	1003.500000000	762.400000000	28	31.970000000
250.000000000	0.000000000	95.700000000	191.800000000	5.300000000	948.900000000	857.200000000	14	24.660000000
375.000000000	93.800000000	0.000000000	126.600000000	23.400000000	852.100000000	992.600000000	3	29.000000000
165.000000000	128.500000000	132.100000000	175.100000000	8.100000000	1005.800000000	746.600000000	3	19.420000000
172.400000000	13.600000000	172.400000000	156.800000000	4.100000000	1006.300000000	856.400000000	3	21.290000000
157.000000000	236.000000000	0.000000000	192.000000000	0.000000000	935.400000000	781.200000000	7	16.890000000
540.000000000	0.000000000	0.000000000	173.000000000	0.000000000	1125.000000000	613.000000000	270	74.170000000
296.000000000	0.000000000	107.000000000	221.000000000	11.000000000	819.000000000	778.000000000	28	31.420000000
238.000000000	0.000000000	0.000000000	185.000000000	0.000000000	1118.000000000	789.000000000	28	17.540000000
275.000000000	0.000000000	0.000000000	183.000000000	0.000000000	1088.000000000	808.000000000	28	24.500000000
250.200000000	166.800000000	0.000000000	203.500000000	0.000000000	977.600000000	694.100000000	28	36.960000000
277.200000000	97.800000000	24.500000000	160.700000000	11.200000000	1061.700000000	782.500000000	56	66.820000000
366.000000000	187.000000000	0.000000000	191.300000000	6.600000000	824.300000000	756.900000000	28	65.910000000
218.200000000	54.600000000	123.800000000	140.800000000	11.900000000	1075.700000000	792.700000000	100	63.530000000
284.000000000	15.000000000	141.000000000	179.000000000	5.500000000	842.000000000	801.000000000	56	44.520000000
234.000000000	156.000000000	0.000000000	189.000000000	5.900000000	981.000000000	760.000000000	28	39.300000000
213.500000000	0.000000000	174.200000000	159.200000000	11.700000000	1043.600000000	771.900000000	3	15.610000000
250.000000000	0.000000000	95.700000000	191.800000000	5.300000000	948.900000000	857.200000000	100	41.160000000
393.000000000	0.000000000	0.000000000	192.000000000	0.000000000	940.600000000	785.600000000	3	19.200000000
222.400000000	0.000000000	96.700000000	189.300000000	4.500000000	967.100000000	870.300000000	3	11.580000000
425.000000000	106.300000000	0.000000000	153.500000000	16.500000000	852.100000000	887.100000000	28	60.290000000
250.200000000	166.800000000	0.000000000	203.500000000	0.000000000	977.600000000	694.100000000	7	19.350000000
424.000000000	22.000000000	132.000000000	168.000000000	8.900000000	822.000000000	750.000000000	7	40.290000000
427.500000000	47.500000000	0.000000000	228.000000000	0.000000000	932.000000000	594.000000000	180	41.840000000
233.800000000	0.000000000	94.600000000	197.900000000	4.600000000	947.000000000	852.200000000	3	10.380000000
275.000000000	0.000000000	0.000000000	183.000000000	0.000000000	1088.000000000	808.000000000	7	14.200000000
475.000000000	0.000000000	0.000000000	228.000000000	0.000000000	932.000000000	594.000000000	28	39.290000000
250.000000000	0.000000000	0.000000000	182.000000000	0.000000000	1100.000000000	820.000000000	7	12.730000000
238.000000000	0.000000000	0.000000000	186.000000000	0.000000000	1119.000000000	789.000000000	7	12.050000000
229.700000000	0.000000000	118.200000000	195.200000000	6.100000000	1028.100000000	757.600000000	14	22.320000000
173.800000000	93.400000000	159.900000000	172.300000000	9.700000000	1007.200000000	746.600000000	3	15.820000000
167.400000000	129.900000000	128.600000000	175.500000000	7.800000000	1006.300000000	746.600000000	100	53.660000000
190.000000000	190.000000000	0.000000000	228.000000000	0.000000000	932.000000000	670.000000000	90	42.330000000
144.000000000	136.000000000	106.000000000	178.000000000	7.000000000	941.000000000	774.000000000	28	26.140000000
108.300000000	162.400000000	0.000000000	203.500000000	0.000000000	938.200000000	849.000000000	7	7.720000000
167.000000000	75.400000000	167.000000000	164.000000000	7.900000000	1007.300000000	770.100000000	56	53.460000000
387.000000000	20.000000000	94.000000000	157.000000000	13.900000000	938.000000000	845.000000000	3	25.510000000
165.000000000	0.000000000	143.600000000	163.800000000	0.000000000	1005.600000000	900.900000000	56	36.560000000
280.000000000	129.000000000	100.000000000	172.000000000	9.000000000	825.000000000	805.000000000	28	52.820000000
475.000000000	0.000000000	0.000000000	228.000000000	0.000000000	932.000000000	594.000000000	180	42.620000000
166.000000000	260.000000000	0.000000000	183.000000000	13.000000000	859.000000000	827.000000000	28	37.910000000
133.000000000	200.000000000	0.000000000	192.000000000	0.000000000	927.400000000	839.200000000	3	6.880000000
178.000000000	129.800000000	118.600000000	179.900000000	3.600000000	1007.300000000	746.800000000	28	39.160000000
229.700000000	0.000000000	118.200000000	195.200000000	6.100000000	1028.100000000	757.600000000	56	31.350000000
475.000000000	118.800000000	0.000000000	181.100000000	8.900000000	852.100000000	781.500000000	28	68.300000000
194.700000000	0.000000000	100.500000000	165.600000000	7.500000000	1006.400000000	905.900000000	28	25.720000000
349.000000000	0.000000000	0.000000000	192.000000000	0.000000000	1056.000000000	809.000000000	7	9.010000000
300.000000000	0.000000000	0.000000000	184.000000000	0.000000000	1075.000000000	795.000000000	28	26.850000000
475.000000000	118.800000000	0.000000000	181.100000000	8.900000000	852.100000000	781.500000000	56	72.300000000
168.900000000	42.200000000	124.300000000	158.300000000	10.800000000	1080.800000000	796.200000000	14	23.510000000
213.500000000	0.000000000	174.200000000	154.600000000	11.700000000	1052.300000000	775.500000000	56	51.430000000
522.000000000	0.000000000	0.000000000	146.000000000	0.000000000	896.000000000	896.000000000	28	74.990000000
238.100000000	0.000000000	94.100000000	186.700000000	7.000000000	949.900000000	847.000000000	56	39.590000000
326.000000000	166.000000000	0.000000000	174.000000000	9.000000000	882.000000000	790.000000000	28	61.230000000
230.000000000	0.000000000	118.300000000	195.500000000	4.600000000	1029.400000000	758.600000000	100	35.340000000
379.500000000	151.200000000	0.000000000	153.900000000	15.900000000	1134.300000000	605.000000000	56	54.900000000
158.800000000	238.200000000	0.000000000	185.700000000	0.000000000	1040.600000000	734.300000000	7	9.620000000
313.000000000	145.000000000	0.000000000	127.000000000	8.000000000	1000.000000000	822.000000000	28	44.520000000
286.300000000	200.900000000	0.000000000	144.700000000	11.200000000	1004.600000000	803.700000000	7	38.000000000
246.800000000	0.000000000	125.100000000	143.300000000	12.000000000	1086.800000000	800.900000000	100	66.420000000
310.000000000	0.000000000	0.000000000	192.000000000	0.000000000	970.000000000	850.000000000	360	38.110000000
322.200000000	0.000000000	115.600000000	196.000000000	10.400000000	817.900000000	813.400000000	28	31.180000000
375.000000000	93.800000000	0.000000000	126.600000000	23.400000000	852.100000000	992.600000000	91	62.500000000
359.000000000	19.000000000	141.000000000	154.000000000	10.900000000	942.000000000	801.000000000	7	38.610000000
277.000000000	116.800000000	91.000000000	190.600000000	7.000000000	946.500000000	665.600000000	28	43.580000000
339.000000000	0.000000000	0.000000000	197.000000000	0.000000000	968.000000000	781.000000000	180	36.450000000
424.000000000	22.000000000	132.000000000	168.000000000	8.900000000	822.000000000	750.000000000	3	32.110000000
213.700000000	0.000000000	174.700000000	154.800000000	10.200000000	1053.500000000	776.400000000	100	50.080000000
516.000000000	0.000000000	0.000000000	162.000000000	8.200000000	801.000000000	802.000000000	28	41.370000000
275.100000000	0.000000000	121.400000000	159.500000000	9.900000000	1053.600000000	777.500000000	56	56.850000000
192.000000000	288.000000000	0.000000000	192.000000000	0.000000000	929.800000000	716.100000000	28	39.320000000
297.200000000	0.000000000	117.500000000	174.800000000	9.500000000	1022.800000000	753.500000000	28	47.400000000
540.000000000	0.000000000	0.000000000	173.000000000	0.000000000	1125.000000000	613.000000000	3	41.640000000
332.500000000	142.500000000	0.000000000	228.000000000	0.000000000	932.000000000	594.000000000	90	37.720000000
218.900000000	0.000000000	124.100000000	158.500000000	11.300000000	1078.700000000	794.900000000	3	15.340000000
212.000000000	141.300000000	0.000000000	203.500000000	0.000000000	973.400000000	750.000000000	7	15.030000000
380.000000000	0.000000000	0.000000000	228.000000000	0.000000000	932.000000000	670.000000000	90	52.910000000
153.000000000	145.000000000	113.000000000	178.000000000	8.000000000	1002.000000000	689.000000000	28	25.560000000
252.300000000	0.000000000	98.800000000	146.300000000	14.200000000	987.800000000	889.000000000	56	55.830000000
316.100000000	210.700000000	0.000000000	185.700000000	0.000000000	977.000000000	689.300000000	28	38.700000000
166.800000000	250.200000000	0.000000000	203.500000000	0.000000000	975.600000000	692.600000000	28	33.950000000
182.000000000	45.200000000	122.000000000	170.200000000	8.200000000	1059.400000000	780.700000000	14	21.500000000
251.400000000	0.000000000	118.300000000	188.500000000	6.400000000	1028.400000000	757.700000000	28	32.660000000
190.000000000	190.000000000	0.000000000	228.000000000	0.000000000	932.000000000	670.000000000	365	53.690000000
436.000000000	0.000000000	0.000000000	218.000000000	0.000000000	838.400000000	719.700000000	28	23.850000000
427.500000000	47.500000000	0.000000000	228.000000000	0.000000000	932.000000000	594.000000000	28	37.430000000
387.000000000	20.000000000	94.000000000	157.000000000	13.900000000	938.000000000	845.000000000	56	47.970000000
194.700000000	0.000000000	100.500000000	170.200000000	7.500000000	998.000000000	901.800000000	56	43.390000000
165.000000000	0.000000000	150.000000000	182.000000000	12.000000000	1023.000000000	729.000000000	28	18.030000000
400.000000000	0.000000000	0.000000000	187.000000000	0.000000000	1025.000000000	745.000000000	28	43.700000000
165.000000000	128.500000000	132.100000000	175.100000000	8.100000000	1005.800000000	746.600000000	28	46.390000000
251.400000000	0.000000000	118.300000000	188.500000000	6.400000000	1028.400000000	757.700000000	100	44.210000000
158.600000000	148.900000000	116.000000000	175.100000000	15.000000000	953.300000000	719.700000000	28	27.680000000
376.000000000	0.000000000	0.000000000	214.600000000	0.000000000	1003.500000000	762.400000000	100	43.060000000
186.200000000	124.100000000	0.000000000	185.700000000	0.000000000	1083.400000000	764.300000000	28	17.600000000
133.000000000	200.000000000	0.000000000	192.000000000	0.000000000	927.400000000	839.200000000	28	27.870000000
250.000000000	0.000000000	95.700000000	191.800000000	5.300000000	948.900000000	857.200000000	3	8.490000000
252.000000000	0.000000000	0.000000000	186.000000000	0.000000000	1111.000000000	784.000000000	7	11.470000000
359.000000000	19.000000000	141.000000000	154.000000000	10.900000000	942.000000000	801.000000000	28	62.940000000
397.000000000	0.000000000	0.000000000	186.000000000	0.000000000	1040.000000000	734.000000000	28	36.940000000
236.000000000	0.000000000	0.000000000	193.000000000	0.000000000	968.000000000	885.000000000	365	25.080000000
202.000000000	11.000000000	141.000000000	206.000000000	1.700000000	942.000000000	801.000000000	56	23.250000000
212.000000000	141.300000000	0.000000000	203.500000000	0.000000000	973.400000000	750.000000000	3	6.810000000
122.600000000	183.900000000	0.000000000	203.500000000	0.000000000	958.200000000	800.100000000	28	24.290000000
339.000000000	0.000000000	0.000000000	185.000000000	0.000000000	1060.000000000	754.000000000	28	31.650000000
181.400000000	0.000000000	167.000000000	169.600000000	7.600000000	1055.600000000	777.800000000	3	13.620000000
218.900000000	0.000000000	124.100000000	158.500000000	11.300000000	1078.700000000	794.900000000	56	37.270000000
425.000000000	106.300000000	0.000000000	153.500000000	16.500000000	852.100000000	887.100000000	28	60.290000000
312.700000000	0.000000000	0.000000000	178.100000000	8.000000000	999.700000000	822.200000000	28	25.100000000
388.600000000	97.100000000	0.000000000	157.900000000	12.100000000	852.100000000	925.700000000	3	28.100000000
281.000000000	0.000000000	0.000000000	186.000000000	0.000000000	1104.000000000	774.000000000	28	22.440000000
229.700000000	0.000000000	118.200000000	195.200000000	6.100000000	1028.100000000	757.600000000	100	40.860000000
141.900000000	166.600000000	129.700000000	173.500000000	10.900000000	882.600000000	785.300000000	28	44.610000000
212.500000000	0.000000000	100.400000000	159.300000000	8.700000000	1007.800000000	903.600000000	14	26.310000000
425.000000000	106.300000000	0.000000000	153.500000000	16.500000000	852.100000000	887.100000000	7	49.200000000
287.300000000	120.500000000	93.900000000	187.600000000	9.200000000	904.400000000	695.900000000	28	43.800000000
236.000000000	157.000000000	0.000000000	192.000000000	0.000000000	972.600000000	749.100000000	3	13.570000000
116.000000000	173.000000000	0.000000000	192.000000000	0.000000000	909.800000000	891.900000000	7	10.090000000
184.000000000	86.000000000	190.000000000	213.000000000	6.000000000	923.000000000	623.000000000	28	22.930000000
154.000000000	174.000000000	185.000000000	228.000000000	7.000000000	845.000000000	612.000000000	28	24.340000000
238.000000000	0.000000000	0.000000000	186.000000000	0.000000000	1119.000000000	789.000000000	28	17.540000000
192.000000000	288.000000000	0.000000000	192.000000000	0.000000000	929.800000000	716.100000000	3	12.790000000
150.000000000	236.800000000	0.000000000	173.800000000	11.900000000	1069.300000000	674.800000000	28	37.430000000
254.000000000	0.000000000	0.000000000	198.000000000	0.000000000	968.000000000	863.000000000	365	29.790000000
152.700000000	144.700000000	0.000000000	178.100000000	8.000000000	999.700000000	822.200000000	28	19.010000000
194.700000000	0.000000000	100.500000000	170.200000000	7.500000000	998.000000000	901.800000000	28	37.270000000
289.000000000	0.000000000	0.000000000	192.000000000	0.000000000	913.200000000	895.300000000	28	25.570000000
154.000000000	144.000000000	112.000000000	220.000000000	10.000000000	923.000000000	658.000000000	28	16.500000000
183.900000000	122.600000000	0.000000000	203.500000000	0.000000000	959.200000000	800.000000000	3	4.900000000
147.800000000	175.100000000	0.000000000	171.200000000	2.200000000	1000.000000000	828.500000000	28	26.920000000
252.300000000	0.000000000	98.800000000	146.300000000	14.200000000	987.800000000	889.000000000	14	42.290000000
155.000000000	184.000000000	143.000000000	194.000000000	9.000000000	880.000000000	699.000000000	28	28.990000000
139.700000000	163.900000000	127.700000000	236.700000000	5.800000000	868.600000000	655.600000000	28	35.230000000
342.000000000	38.000000000	0.000000000	228.000000000	0.000000000	932.000000000	670.000000000	365	56.140000000
389.900000000	189.000000000	0.000000000	145.900000000	22.000000000	944.700000000	755.800000000	56	79.400000000
277.200000000	97.800000000	24.500000000	160.700000000	11.200000000	1061.700000000	782.500000000	14	47.710000000
251.400000000	0.000000000	118.300000000	188.500000000	5.800000000	1028.400000000	757.700000000	100	43.580000000
525.000000000	0.000000000	0.000000000	189.000000000	0.000000000	1125.000000000	613.000000000	3	33.800000000
250.000000000	180.000000000	95.000000000	159.000000000	9.500000000	860.000000000	800.000000000	28	67.870000000
332.500000000	142.500000000	0.000000000	228.000000000	0.000000000	932.000000000	594.000000000	270	40.270000000
212.600000000	0.000000000	100.400000000	159.400000000	10.400000000	1003.800000000	903.800000000	56	44.400000000
167.400000000	129.900000000	128.600000000	175.500000000	7.800000000	1006.300000000	746.600000000	56	51.720000000
375.000000000	0.000000000	0.000000000	186.000000000	0.000000000	1038.000000000	758.000000000	28	38.210000000
203.500000000	305.300000000	0.000000000	203.500000000	0.000000000	963.400000000	630.000000000	7	19.540000000
323.700000000	282.800000000	0.000000000	183.800000000	10.300000000	942.700000000	659.900000000	3	28.300000000
210.700000000	316.100000000	0.000000000	185.700000000	0.000000000	977.000000000	689.300000000	7	21.820000000
231.800000000	0.000000000	121.600000000	174.000000000	6.700000000	1056.400000000	778.500000000	28	33.730000000
425.000000000	106.300000000	0.000000000	151.400000000	18.600000000	936.000000000	803.700000000	91	66.700000000
170.300000000	155.500000000	0.000000000	185.700000000	0.000000000	1026.600000000	724.300000000	28	25.730000000
525.000000000	0.000000000	0.000000000	189.000000000	0.000000000	1125.000000000	613.000000000	180	61.920000000
277.000000000	117.000000000	91.000000000	191.000000000	7.000000000	946.000000000	666.000000000	28	43.570000000
102.000000000	153.000000000	0.000000000	192.000000000	0.000000000	887.000000000	942.000000000	90	25.460000000
252.300000000	0.000000000	98.800000000	146.300000000	14.200000000	987.800000000	889.000000000	28	50.600000000
313.300000000	0.000000000	113.000000000	178.500000000	8.000000000	1001.900000000	688.700000000	28	36.800000000
154.800000000	183.400000000	0.000000000	193.300000000	9.100000000	1047.400000000	696.700000000	28	18.290000000
182.000000000	45.200000000	122.000000000	170.200000000	8.200000000	1059.400000000	780.700000000	100	48.670000000
102.000000000	153.000000000	0.000000000	192.000000000	0.000000000	887.000000000	942.000000000	7	7.680000000
230.000000000	0.000000000	118.300000000	195.500000000	4.600000000	1029.400000000	758.600000000	56	31.540000000
295.800000000	0.000000000	0.000000000	185.700000000	0.000000000	1091.400000000	769.300000000	7	14.840000000
425.000000000	106.300000000	0.000000000	151.400000000	18.600000000	936.000000000	803.700000000	28	61.800000000
238.200000000	158.800000000	0.000000000	185.700000000	0.000000000	1040.600000000	734.300000000	7	15.690000000
374.000000000	0.000000000	0.000000000	190.000000000	7.000000000	1013.000000000	730.000000000	28	39.050000000
277.200000000	97.800000000	24.500000000	160.700000000	11.200000000	1061.700000000	782.500000000	3	30.450000000
304.000000000	76.000000000	0.000000000	228.000000000	0.000000000	932.000000000	670.000000000	270	54.380000000
236.900000000	91.700000000	71.500000000	246.900000000	6.000000000	852.900000000	695.400000000	28	28.630000000
331.000000000	170.000000000	0.000000000	195.000000000	8.000000000	811.000000000	802.000000000	28	56.610000000
190.300000000	0.000000000	125.200000000	166.600000000	9.900000000	1079.000000000	798.900000000	28	24.850000000
491.000000000	26.000000000	123.000000000	210.000000000	3.900000000	882.000000000	699.000000000	56	59.590000000
366.000000000	187.000000000	0.000000000	191.000000000	7.000000000	824.000000000	757.000000000	28	65.910000000
146.000000000	230.000000000	0.000000000	202.000000000	3.000000000	827.000000000	872.000000000	28	33.060000000
139.600000000	209.400000000	0.000000000	192.000000000	0.000000000	1047.000000000	806.900000000	28	28.240000000
135.700000000	203.500000000	0.000000000	185.700000000	0.000000000	1076.200000000	759.300000000	7	7.510000000
424.000000000	22.000000000	132.000000000	168.000000000	8.900000000	822.000000000	750.000000000	28	72.100000000
250.000000000	0.000000000	95.700000000	191.800000000	5.300000000	948.900000000	857.200000000	28	27.220000000
277.000000000	0.000000000	0.000000000	191.000000000	0.000000000	968.000000000	856.000000000	3	11.360000000
214.900000000	53.800000000	121.900000000	155.600000000	9.600000000	1014.300000000	780.600000000	56	53.960000000
277.200000000	97.800000000	24.500000000	160.700000000	11.200000000	1061.700000000	782.500000000	28	63.140000000
387.000000000	20.000000000	94.000000000	157.000000000	11.600000000	938.000000000	845.000000000	3	34.770000000
151.800000000	178.100000000	138.700000000	167.500000000	18.300000000	944.000000000	694.600000000	28	36.350000000
145.000000000	0.000000000	179.000000000	202.000000000	8.000000000	824.000000000	869.000000000	28	10.540000000
500.000000000	0.000000000	0.000000000	200.000000000	0.000000000	1125.000000000	613.000000000	270	55.160000000
190.000000000	190.000000000	0.000000000	228.000000000	0.000000000	932.000000000	670.000000000	28	40.860000000
446.000000000	24.000000000	79.000000000	162.000000000	11.600000000	967.000000000	712.000000000	7	52.010000000
230.000000000	0.000000000	118.300000000	195.500000000	4.600000000	1029.400000000	758.600000000	3	10.030000000
152.600000000	238.700000000	0.000000000	200.000000000	6.300000000	1001.800000000	683.900000000	28	26.860000000
397.000000000	0.000000000	0.000000000	185.700000000	0.000000000	1040.600000000	734.300000000	7	25.450000000
296.000000000	0.000000000	106.700000000	221.400000000	10.500000000	819.200000000	778.400000000	28	31.420000000
190.700000000	0.000000000	125.400000000	162.100000000	7.800000000	1090.000000000	804.000000000	56	35.340000000
393.000000000	0.000000000	0.000000000	192.000000000	0.000000000	940.600000000	785.600000000	90	48.850000000
149.000000000	139.000000000	109.000000000	193.000000000	6.000000000	892.000000000	780.000000000	28	23.690000000
237.500000000	237.500000000	0.000000000	228.000000000	0.000000000	932.000000000	594.000000000	180	36.250000000
307.000000000	0.000000000	0.000000000	193.000000000	0.000000000	968.000000000	812.000000000	90	32.920000000
198.600000000	132.400000000	0.000000000	192.000000000	0.000000000	978.400000000	825.500000000	180	41.720000000
439.000000000	177.000000000	0.000000000	186.000000000	11.100000000	884.900000000	707.900000000	3	39.300000000
194.700000000	0.000000000	100.500000000	165.600000000	7.500000000	1006.400000000	905.900000000	56	33.960000000
260.000000000	101.000000000	78.000000000	171.000000000	10.000000000	936.000000000	763.000000000	28	49.770000000
203.500000000	135.700000000	0.000000000	185.700000000	0.000000000	1076.200000000	759.300000000	28	22.630000000
374.000000000	189.200000000	0.000000000	170.100000000	10.100000000	926.100000000	756.700000000	56	63.400000000
337.900000000	189.000000000	0.000000000	174.900000000	9.500000000	944.700000000	755.800000000	91	67.800000000
337.900000000	189.000000000	0.000000000	174.900000000	9.500000000	944.700000000	755.800000000	3	24.100000000
236.000000000	157.000000000	0.000000000	192.000000000	0.000000000	972.600000000	749.100000000	28	32.880000000
310.000000000	0.000000000	0.000000000	192.000000000	0.000000000	1012.000000000	830.000000000	90	35.760000000
149.500000000	236.000000000	0.000000000	175.800000000	12.600000000	846.800000000	892.700000000	28	32.960000000
333.000000000	0.000000000	0.000000000	192.000000000	0.000000000	931.200000000	842.600000000	3	15.620000000
139.600000000	209.400000000	0.000000000	192.000000000	0.000000000	1047.000000000	806.900000000	360	44.700000000
198.600000000	132.400000000	0.000000000	192.000000000	0.000000000	978.400000000	825.500000000	360	44.300000000
284.000000000	119.700000000	0.000000000	168.300000000	7.200000000	970.400000000	794.200000000	28	40.930000000
318.000000000	0.000000000	126.000000000	210.000000000	6.000000000	861.000000000	737.000000000	28	40.060000000
165.000000000	128.500000000	132.100000000	175.100000000	8.100000000	1005.800000000	746.600000000	100	55.020000000
236.000000000	0.000000000	0.000000000	194.000000000	0.000000000	968.000000000	885.000000000	3	6.470000000
303.600000000	139.900000000	0.000000000	213.500000000	6.200000000	895.500000000	722.500000000	28	33.420000000
302.000000000	0.000000000	0.000000000	203.000000000	0.000000000	974.000000000	817.000000000	28	21.750000000
250.000000000	0.000000000	95.700000000	187.400000000	5.500000000	956.900000000	861.200000000	28	29.220000000
451.000000000	0.000000000	0.000000000	165.000000000	11.300000000	1030.000000000	745.000000000	28	78.800000000
380.000000000	95.000000000	0.000000000	228.000000000	0.000000000	932.000000000	594.000000000	180	40.760000000
425.000000000	106.300000000	0.000000000	153.500000000	16.500000000	852.100000000	887.100000000	91	65.200000000
500.000000000	0.000000000	0.000000000	200.000000000	0.000000000	1125.000000000	613.000000000	28	44.090000000
279.800000000	128.900000000	100.400000000	172.400000000	9.500000000	825.100000000	804.900000000	28	52.830000000
250.200000000	166.800000000	0.000000000	203.500000000	0.000000000	977.600000000	694.100000000	90	47.710000000
298.200000000	0.000000000	107.000000000	209.700000000	11.100000000	879.600000000	744.200000000	28	31.880000000
500.000000000	0.000000000	0.000000000	200.000000000	0.000000000	1125.000000000	613.000000000	90	47.220000000
318.800000000	212.500000000	0.000000000	155.700000000	14.300000000	852.100000000	880.400000000	91	68.100000000
181.900000000	272.800000000	0.000000000	185.700000000	0.000000000	1012.400000000	714.300000000	7	12.370000000
249.100000000	0.000000000	98.800000000	158.100000000	12.800000000	987.800000000	889.000000000	100	51.060000000
153.000000000	102.000000000	0.000000000	192.000000000	0.000000000	888.000000000	943.100000000	90	26.320000000
275.100000000	0.000000000	121.400000000	159.500000000	9.900000000	1053.600000000	777.500000000	3	23.800000000
350.000000000	0.000000000	0.000000000	203.000000000	0.000000000	974.000000000	775.000000000	28	27.340000000
326.500000000	0.000000000	137.900000000	199.000000000	10.800000000	801.100000000	792.500000000	28	38.630000000
162.000000000	190.000000000	148.000000000	179.000000000	19.000000000	838.000000000	741.000000000	28	33.760000000
190.300000000	0.000000000	125.200000000	161.900000000	9.900000000	1088.100000000	802.600000000	28	28.470000000
212.100000000	0.000000000	121.600000000	180.300000000	5.700000000	1057.600000000	779.300000000	100	39.610000000
222.400000000	0.000000000	96.700000000	189.300000000	4.500000000	967.100000000	870.300000000	100	40.710000000
302.000000000	0.000000000	0.000000000	203.000000000	0.000000000	974.000000000	817.000000000	14	18.130000000
266.000000000	114.000000000	0.000000000	228.000000000	0.000000000	932.000000000	670.000000000	90	47.030000000
251.400000000	0.000000000	118.300000000	192.900000000	5.800000000	1043.600000000	754.300000000	14	20.730000000
379.500000000	151.200000000	0.000000000	153.900000000	15.900000000	1134.300000000	605.000000000	28	52.200000000
475.000000000	0.000000000	0.000000000	228.000000000	0.000000000	932.000000000	594.000000000	90	42.230000000
321.000000000	0.000000000	128.000000000	182.000000000	11.000000000	870.000000000	780.000000000	28	37.260000000
446.000000000	24.000000000	79.000000000	162.000000000	11.600000000	967.000000000	712.000000000	28	51.020000000
362.600000000	189.000000000	0.000000000	164.900000000	11.600000000	944.700000000	755.800000000	28	71.300000000
166.100000000	0.000000000	163.300000000	176.500000000	4.500000000	1058.600000000	780.100000000	100	33.540000000
375.000000000	93.800000000	0.000000000	126.600000000	23.400000000	852.100000000	992.600000000	7	45.700000000
222.400000000	0.000000000	96.700000000	189.300000000	4.500000000	967.100000000	870.300000000	28	24.890000000
469.000000000	117.200000000	0.000000000	137.800000000	32.200000000	852.100000000	840.500000000	28	66.900000000
525.000000000	0.000000000	0.000000000	189.000000000	0.000000000	1125.000000000	613.000000000	14	48.400000000
194.700000000	0.000000000	100.500000000	165.600000000	7.500000000	1006.400000000	905.900000000	100	37.340000000
192.000000000	288.000000000	0.000000000	192.000000000	0.000000000	929.800000000	716.100000000	90	50.730000000
425.000000000	106.300000000	0.000000000	153.500000000	16.500000000	852.100000000	887.100000000	7	49.200000000
425.000000000	106.300000000	0.000000000	153.500000000	16.500000000	852.100000000	887.100000000	56	64.300000000
296.000000000	0.000000000	0.000000000	186.000000000	0.000000000	1090.000000000	769.000000000	28	25.180000000
153.000000000	102.000000000	0.000000000	192.000000000	0.000000000	888.000000000	943.100000000	3	4.780000000
136.400000000	161.600000000	125.800000000	171.600000000	10.400000000	922.600000000	764.400000000	28	29.070000000
290.400000000	0.000000000	96.200000000	168.100000000	9.400000000	961.200000000	865.000000000	100	48.970000000
237.500000000	237.500000000	0.000000000	228.000000000	0.000000000	932.000000000	594.000000000	7	26.260000000
385.000000000	0.000000000	0.000000000	186.000000000	0.000000000	966.000000000	763.000000000	14	27.920000000
172.400000000	13.600000000	172.400000000	156.800000000	4.100000000	1006.300000000	856.400000000	100	37.680000000
212.600000000	0.000000000	100.400000000	159.400000000	10.400000000	1003.800000000	903.800000000	100	47.740000000
380.000000000	95.000000000	0.000000000	228.000000000	0.000000000	932.000000000	594.000000000	90	40.560000000
297.800000000	137.200000000	106.900000000	201.300000000	6.000000000	878.400000000	655.300000000	28	53.520000000
198.600000000	132.400000000	0.000000000	192.000000000	0.000000000	978.400000000	825.500000000	7	14.640000000
388.600000000	97.100000000	0.000000000	157.900000000	12.100000000	852.100000000	925.700000000	7	34.900000000
540.000000000	0.000000000	0.000000000	162.000000000	2.500000000	1040.000000000	676.000000000	28	79.990000000
238.100000000	0.000000000	94.100000000	186.700000000	7.000000000	949.900000000	847.000000000	100	44.300000000
213.800000000	98.100000000	24.500000000	181.700000000	6.700000000	1066.000000000	785.500000000	28	40.230000000
375.000000000	0.000000000	0.000000000	186.000000000	0.000000000	1038.000000000	758.000000000	7	26.060000000
388.600000000	97.100000000	0.000000000	157.900000000	12.100000000	852.100000000	925.700000000	56	55.200000000
393.000000000	0.000000000	0.000000000	192.000000000	0.000000000	940.600000000	785.600000000	7	27.740000000
389.900000000	189.000000000	0.000000000	145.900000000	22.000000000	944.700000000	755.800000000	28	74.500000000
469.000000000	117.200000000	0.000000000	137.800000000	32.200000000	852.100000000	840.500000000	91	70.700000000
313.000000000	145.000000000	0.000000000	178.000000000	8.000000000	867.000000000	824.000000000	28	44.390000000
146.000000000	173.000000000	0.000000000	182.000000000	3.000000000	986.000000000	817.000000000	28	23.740000000
250.200000000	166.800000000	0.000000000	203.500000000	0.000000000	977.600000000	694.100000000	3	9.730000000
469.000000000	117.200000000	0.000000000	137.800000000	32.200000000	852.100000000	840.500000000	3	40.200000000
315.000000000	137.000000000	0.000000000	145.000000000	5.900000000	1130.000000000	745.000000000	28	81.750000000
213.700000000	0.000000000	174.700000000	154.800000000	10.200000000	1053.500000000	776.400000000	28	40.150000000
388.600000000	97.100000000	0.000000000	157.900000000	12.100000000	852.100000000	925.700000000	28	50.700000000
374.300000000	0.000000000	0.000000000	190.200000000	6.700000000	1013.200000000	730.400000000	28	39.060000000
272.600000000	0.000000000	89.600000000	198.700000000	10.600000000	931.300000000	762.200000000	28	32.250000000
190.300000000	0.000000000	125.200000000	166.600000000	9.900000000	1079.000000000	798.900000000	56	31.720000000
264.500000000	111.000000000	86.500000000	195.500000000	5.900000000	832.600000000	790.400000000	28	41.540000000
133.000000000	200.000000000	0.000000000	192.000000000	0.000000000	927.400000000	839.200000000	7	13.660000000
310.000000000	142.800000000	0.000000000	167.900000000	10.000000000	914.300000000	804.000000000	28	45.300000000
213.500000000	0.000000000	174.200000000	154.600000000	11.700000000	1052.300000000	775.500000000	3	17.370000000
289.000000000	133.700000000	0.000000000	194.900000000	5.500000000	924.100000000	760.100000000	28	46.250000000
331.000000000	0.000000000	0.000000000	192.000000000	0.000000000	1025.000000000	821.000000000	3	14.310000000
165.000000000	0.000000000	143.600000000	163.800000000	0.000000000	1005.600000000	900.900000000	3	14.400000000
540.000000000	0.000000000	0.000000000	173.000000000	0.000000000	1125.000000000	613.000000000	28	67.310000000
190.000000000	190.000000000	0.000000000	228.000000000	0.000000000	932.000000000	670.000000000	180	46.930000000
323.700000000	282.800000000	0.000000000	183.800000000	10.300000000	942.700000000	659.900000000	56	80.200000000
168.900000000	42.200000000	124.300000000	158.300000000	10.800000000	1080.800000000	796.200000000	28	31.120000000
144.000000000	170.000000000	133.000000000	192.000000000	8.000000000	814.000000000	805.000000000	28	29.870000000
213.700000000	98.100000000	24.500000000	181.700000000	6.900000000	1065.800000000	785.400000000	100	53.900000000
190.700000000	0.000000000	125.400000000	162.100000000	7.800000000	1090.000000000	804.000000000	14	21.060000000
250.000000000	0.000000000	95.700000000	187.400000000	5.500000000	956.900000000	861.200000000	3	13.820000000
475.000000000	118.800000000	0.000000000	181.100000000	8.900000000	852.100000000	781.500000000	91	74.190000000
218.200000000	54.600000000	123.800000000	140.800000000	11.900000000	1075.700000000	792.700000000	14	35.960000000
299.800000000	0.000000000	119.800000000	211.500000000	9.900000000	878.200000000	727.600000000	28	23.840000000
181.400000000	0.000000000	167.000000000	169.600000000	7.600000000	1055.600000000	777.800000000	100	45.370000000
236.000000000	0.000000000	0.000000000	193.000000000	0.000000000	968.000000000	885.000000000	7	9.990000000
350.000000000	0.000000000	0.000000000	203.000000000	0.000000000	974.000000000	775.000000000	7	18.130000000
304.000000000	76.000000000	0.000000000	228.000000000	0.000000000	932.000000000	670.000000000	180	50.950000000
475.000000000	0.000000000	0.000000000	228.000000000	0.000000000	932.000000000	594.000000000	270	42.130000000
122.600000000	183.900000000	0.000000000	203.500000000	0.000000000	958.200000000	800.100000000	90	33.190000000
336.500000000	0.000000000	0.000000000	181.900000000	3.400000000	985.800000000	816.800000000	28	44.870000000
491.000000000	26.000000000	123.000000000	210.000000000	3.900000000	882.000000000	699.000000000	3	25.610000000
157.000000000	236.000000000	0.000000000	192.000000000	0.000000000	935.400000000	781.200000000	28	33.660000000
425.000000000	106.300000000	0.000000000	153.500000000	16.500000000	852.100000000	887.100000000	7	49.200000000
252.000000000	0.000000000	0.000000000	185.000000000	0.000000000	1111.000000000	784.000000000	7	13.710000000
393.000000000	0.000000000	0.000000000	192.000000000	0.000000000	940.600000000	785.600000000	28	39.600000000
475.000000000	0.000000000	0.000000000	228.000000000	0.000000000	932.000000000	594.000000000	365	41.930000000
155.000000000	183.000000000	0.000000000	193.000000000	9.000000000	877.000000000	868.000000000	28	23.790000000
359.000000000	19.000000000	141.000000000	154.000000000	10.900000000	942.000000000	801.000000000	56	68.750000000
255.000000000	99.000000000	77.000000000	189.000000000	6.000000000	919.000000000	749.000000000	28	33.800000000
446.000000000	24.000000000	79.000000000	162.000000000	11.600000000	967.000000000	712.000000000	3	23.350000000
446.000000000	24.000000000	79.000000000	162.000000000	11.600000000	967.000000000	712.000000000	56	61.070000000
424.000000000	22.000000000	132.000000000	178.000000000	8.500000000	822.000000000	750.000000000	7	39.000000000
387.000000000	20.000000000	94.000000000	157.000000000	13.900000000	938.000000000	845.000000000	28	46.680000000
277.100000000	0.000000000	97.400000000	160.600000000	11.800000000	973.900000000	875.600000000	28	48.280000000
213.500000000	0.000000000	174.200000000	154.600000000	11.700000000	1052.300000000	775.500000000	14	33.700000000
359.000000000	19.000000000	141.000000000	154.000000000	10.900000000	942.000000000	801.000000000	28	59.490000000
333.000000000	0.000000000	0.000000000	192.000000000	0.000000000	931.200000000	842.600000000	28	31.970000000
213.700000000	98.100000000	24.500000000	181.700000000	6.900000000	1065.800000000	785.400000000	56	50.770000000
230.000000000	0.000000000	118.300000000	195.500000000	4.600000000	1029.400000000	758.600000000	28	24.480000000
339.200000000	0.000000000	0.000000000	185.700000000	0.000000000	1069.200000000	754.300000000	7	21.180000000
158.000000000	0.000000000	195.000000000	220.000000000	11.000000000	898.000000000	713.000000000	28	8.540000000
102.000000000	153.000000000	0.000000000	192.000000000	0.000000000	887.000000000	942.000000000	3	4.570000000
152.000000000	178.000000000	139.000000000	168.000000000	18.000000000	944.000000000	695.000000000	28	36.350000000
339.000000000	0.000000000	0.000000000	197.000000000	0.000000000	968.000000000	781.000000000	14	27.040000000
475.000000000	118.800000000	0.000000000	181.100000000	8.900000000	852.100000000	781.500000000	7	55.600000000
424.000000000	22.000000000	132.000000000	168.000000000	8.900000000	822.000000000	750.000000000	56	74.360000000
153.000000000	145.000000000	113.000000000	178.000000000	8.000000000	867.000000000	824.000000000	28	26.230000000
289.000000000	0.000000000	0.000000000	192.000000000	0.000000000	913.200000000	895.300000000	7	14.600000000
251.400000000	0.000000000	118.300000000	188.500000000	5.800000000	1028.400000000	757.700000000	56	36.970000000
203.500000000	305.300000000	0.000000000	203.500000000	0.000000000	963.400000000	630.000000000	90	51.860000000
287.000000000	121.000000000	94.000000000	188.000000000	9.000000000	904.000000000	696.000000000	28	41.940000000
288.000000000	192.000000000	0.000000000	192.000000000	0.000000000	932.000000000	717.800000000	28	38.800000000
276.400000000	116.000000000	90.300000000	179.600000000	8.900000000	870.100000000	768.300000000	28	44.280000000
212.500000000	0.000000000	100.400000000	159.300000000	8.700000000	1007.800000000	903.600000000	100	42.920000000
167.000000000	75.400000000	167.000000000	164.000000000	7.900000000	1007.300000000	770.100000000	14	32.900000000
166.100000000	0.000000000	163.300000000	176.500000000	4.500000000	1058.600000000	780.100000000	28	21.540000000
362.600000000	189.000000000	0.000000000	164.900000000	11.600000000	944.700000000	755.800000000	28	71.300000000
156.000000000	178.000000000	187.000000000	221.000000000	7.000000000	854.000000000	614.000000000	28	29.410000000
228.000000000	342.100000000	0.000000000	185.700000000	0.000000000	955.800000000	674.300000000	28	39.700000000
388.600000000	97.100000000	0.000000000	157.900000000	12.100000000	852.100000000	925.700000000	91	57.600000000
446.000000000	24.000000000	79.000000000	162.000000000	11.600000000	967.000000000	712.000000000	3	35.360000000
289.000000000	0.000000000	0.000000000	192.000000000	0.000000000	913.200000000	895.300000000	90	32.070000000
178.000000000	129.800000000	118.600000000	179.900000000	3.600000000	1007.300000000	746.800000000	56	48.590000000
254.000000000	0.000000000	0.000000000	198.000000000	0.000000000	968.000000000	863.000000000	180	27.630000000
148.000000000	0.000000000	137.000000000	158.000000000	16.000000000	1002.000000000	830.000000000	28	17.950000000
213.500000000	0.000000000	174.200000000	159.200000000	11.700000000	1043.600000000	771.900000000	56	51.260000000
167.000000000	75.400000000	167.000000000	164.000000000	7.900000000	1007.300000000	770.100000000	100	56.810000000
186.200000000	124.100000000	0.000000000	185.700000000	0.000000000	1083.400000000	764.300000000	7	8.000000000
322.000000000	0.000000000	0.000000000	203.000000000	0.000000000	974.000000000	800.000000000	14	20.770000000
491.000000000	26.000000000	123.000000000	201.000000000	3.900000000	822.000000000	699.000000000	56	61.860000000
251.400000000	0.000000000	118.300000000	188.500000000	5.800000000	1028.400000000	757.700000000	3	17.220000000
198.600000000	132.400000000	0.000000000	192.000000000	0.000000000	978.400000000	825.500000000	28	28.020000000
255.000000000	0.000000000	0.000000000	192.000000000	0.000000000	889.800000000	945.000000000	3	8.200000000
310.000000000	0.000000000	0.000000000	192.000000000	0.000000000	1012.000000000	830.000000000	120	38.700000000
155.000000000	183.000000000	0.000000000	193.000000000	9.000000000	1047.000000000	697.000000000	28	18.280000000
249.100000000	0.000000000	98.800000000	158.100000000	12.800000000	987.800000000	889.000000000	28	30.850000000
349.000000000	0.000000000	0.000000000	192.000000000	0.000000000	1047.000000000	806.000000000	90	39.490000000
342.000000000	38.000000000	0.000000000	228.000000000	0.000000000	932.000000000	670.000000000	180	52.120000000
277.000000000	0.000000000	0.000000000	191.000000000	0.000000000	968.000000000	856.000000000	14	21.260000000
167.000000000	75.400000000	167.000000000	164.000000000	7.900000000	1007.300000000	770.100000000	3	15.520000000
102.000000000	153.000000000	0.000000000	192.000000000	0.000000000	887.000000000	942.000000000	28	17.280000000
277.100000000	0.000000000	97.400000000	160.600000000	11.800000000	973.900000000	875.600000000	3	23.140000000
156.000000000	243.000000000	0.000000000	180.000000000	11.000000000	1022.000000000	698.000000000	28	37.360000000
295.000000000	0.000000000	0.000000000	185.000000000	0.000000000	1069.000000000	769.000000000	28	25.180000000
380.000000000	95.000000000	0.000000000	228.000000000	0.000000000	932.000000000	594.000000000	28	36.450000000
141.300000000	212.000000000	0.000000000	203.500000000	0.000000000	971.800000000	748.500000000	7	10.390000000
331.000000000	0.000000000	0.000000000	192.000000000	0.000000000	1025.000000000	821.000000000	120	39.380000000
233.800000000	0.000000000	94.600000000	197.900000000	4.600000000	947.000000000	852.200000000	28	22.840000000
212.600000000	0.000000000	100.400000000	159.400000000	10.400000000	1003.800000000	903.800000000	3	13.330000000
312.700000000	144.700000000	0.000000000	127.300000000	8.000000000	999.700000000	822.200000000	28	44.520000000
143.000000000	169.000000000	143.000000000	191.000000000	8.000000000	967.000000000	643.000000000	28	29.720000000
298.000000000	137.000000000	107.000000000	201.000000000	6.000000000	878.000000000	655.000000000	28	53.520000000
148.000000000	175.000000000	0.000000000	171.000000000	2.000000000	1000.000000000	828.000000000	28	26.920000000
290.400000000	0.000000000	96.200000000	168.100000000	9.400000000	961.200000000	865.000000000	28	34.740000000
108.300000000	162.400000000	0.000000000	203.500000000	0.000000000	938.200000000	849.000000000	3	2.330000000
277.100000000	0.000000000	97.400000000	160.600000000	11.800000000	973.900000000	875.600000000	14	41.890000000
151.000000000	0.000000000	185.000000000	167.000000000	16.000000000	1074.000000000	678.000000000	28	13.460000000
170.300000000	155.500000000	0.000000000	185.700000000	0.000000000	1026.600000000	724.300000000	7	10.730000000
387.000000000	20.000000000	94.000000000	157.000000000	14.300000000	938.000000000	845.000000000	7	36.840000000
203.500000000	305.300000000	0.000000000	203.500000000	0.000000000	963.400000000	630.000000000	3	9.560000000
165.000000000	0.000000000	143.600000000	163.800000000	0.000000000	1005.600000000	900.900000000	14	16.880000000
139.600000000	209.400000000	0.000000000	192.000000000	0.000000000	1047.000000000	806.900000000	7	14.590000000
393.000000000	0.000000000	0.000000000	192.000000000	0.000000000	940.000000000	758.000000000	90	48.790000000
166.800000000	250.200000000	0.000000000	203.500000000	0.000000000	975.600000000	692.600000000	3	6.900000000
379.500000000	151.200000000	0.000000000	153.900000000	15.900000000	1134.300000000	605.000000000	7	47.100000000
272.800000000	181.900000000	0.000000000	185.700000000	0.000000000	1012.400000000	714.300000000	7	19.770000000
116.000000000	173.000000000	0.000000000	192.000000000	0.000000000	909.800000000	891.900000000	28	22.350000000
500.000000000	0.000000000	0.000000000	200.000000000	0.000000000	1125.000000000	613.000000000	14	36.940000000
214.900000000	53.800000000	121.900000000	155.600000000	9.600000000	1014.300000000	780.600000000	3	18.020000000
321.000000000	164.000000000	0.000000000	190.000000000	5.000000000	870.000000000	774.000000000	28	57.210000000
162.000000000	207.000000000	172.000000000	216.000000000	10.000000000	822.000000000	638.000000000	28	39.840000000
427.500000000	47.500000000	0.000000000	228.000000000	0.000000000	932.000000000	594.000000000	90	41.540000000
251.800000000	0.000000000	99.900000000	146.100000000	12.400000000	1006.000000000	899.800000000	28	33.940000000
213.500000000	0.000000000	174.200000000	159.200000000	11.700000000	1043.600000000	771.900000000	14	29.590000000
323.700000000	282.800000000	0.000000000	183.800000000	10.300000000	942.700000000	659.900000000	28	74.700000000
194.700000000	0.000000000	100.500000000	165.600000000	7.500000000	1006.400000000	905.900000000	3	12.450000000
212.100000000	0.000000000	121.600000000	180.300000000	5.700000000	1057.600000000	779.300000000	14	20.920000000
173.500000000	50.100000000	173.500000000	164.800000000	6.500000000	1006.200000000	793.500000000	3	23.080000000
332.500000000	142.500000000	0.000000000	228.000000000	0.000000000	932.000000000	594.000000000	28	33.020000000
251.400000000	0.000000000	118.300000000	188.500000000	6.400000000	1028.400000000	757.700000000	3	13.120000000
231.800000000	0.000000000	121.600000000	174.000000000	6.700000000	1056.400000000	778.500000000	100	45.840000000
136.000000000	196.000000000	98.000000000	199.000000000	6.000000000	847.000000000	783.000000000	28	26.970000000
385.000000000	0.000000000	0.000000000	186.000000000	0.000000000	966.000000000	763.000000000	28	31.350000000
275.100000000	0.000000000	121.400000000	159.500000000	9.900000000	1053.600000000	777.500000000	28	51.330000000
380.000000000	0.000000000	0.000000000	228.000000000	0.000000000	932.000000000	670.000000000	180	53.100000000
237.000000000	92.000000000	71.000000000	247.000000000	6.000000000	853.000000000	695.000000000	28	28.630000000
389.900000000	189.000000000	0.000000000	145.900000000	22.000000000	944.700000000	755.800000000	7	59.090000000
255.500000000	170.300000000	0.000000000	185.700000000	0.000000000	1026.600000000	724.300000000	28	32.050000000
397.000000000	17.200000000	158.000000000	167.000000000	20.800000000	967.000000000	633.000000000	28	55.650000000
362.600000000	189.000000000	0.000000000	164.900000000	11.600000000	944.700000000	755.800000000	28	71.300000000
132.000000000	206.500000000	160.900000000	178.900000000	5.500000000	866.900000000	735.600000000	28	33.310000000
251.800000000	0.000000000	99.900000000	146.100000000	12.400000000	1006.000000000	899.800000000	3	21.020000000
233.800000000	0.000000000	94.600000000	197.900000000	4.600000000	947.000000000	852.200000000	100	34.560000000
212.000000000	0.000000000	124.800000000	159.000000000	7.800000000	1085.400000000	799.500000000	3	19.520000000
154.800000000	0.000000000	142.800000000	193.300000000	9.100000000	877.200000000	867.700000000	28	9.740000000
298.100000000	0.000000000	107.000000000	186.400000000	6.100000000	879.000000000	815.200000000	28	42.640000000
480.000000000	0.000000000	0.000000000	192.000000000	0.000000000	936.000000000	721.000000000	28	43.890000000
540.000000000	0.000000000	0.000000000	162.000000000	2.500000000	1055.000000000	676.000000000	28	61.890000000
168.900000000	42.200000000	124.300000000	158.300000000	10.800000000	1080.800000000	796.200000000	3	7.400000000
295.700000000	0.000000000	95.600000000	171.500000000	8.900000000	955.100000000	859.200000000	100	52.040000000
322.000000000	0.000000000	0.000000000	203.000000000	0.000000000	974.000000000	800.000000000	180	29.590000000
250.000000000	0.000000000	0.000000000	182.000000000	0.000000000	1100.000000000	820.000000000	28	20.870000000
166.100000000	0.000000000	163.300000000	176.500000000	4.500000000	1058.600000000	780.100000000	56	28.630000000
229.700000000	0.000000000	118.200000000	195.200000000	6.100000000	1028.100000000	757.600000000	28	24.540000000
251.800000000	0.000000000	99.900000000	146.100000000	12.400000000	1006.000000000	899.800000000	100	45.370000000
284.000000000	15.000000000	141.000000000	179.000000000	5.500000000	842.000000000	801.000000000	7	24.130000000
237.500000000	237.500000000	0.000000000	228.000000000	0.000000000	932.000000000	594.000000000	28	30.080000000
231.800000000	0.000000000	121.600000000	174.000000000	6.700000000	1056.400000000	778.500000000	14	26.770000000
145.700000000	172.600000000	0.000000000	181.900000000	3.400000000	985.800000000	816.800000000	28	23.740000000
312.900000000	160.500000000	0.000000000	177.600000000	9.600000000	916.600000000	759.500000000	28	52.450000000
446.000000000	24.000000000	79.000000000	162.000000000	11.600000000	967.000000000	712.000000000	7	38.020000000
213.800000000	98.100000000	24.500000000	181.700000000	6.700000000	1066.000000000	785.500000000	100	49.970000000
387.000000000	20.000000000	94.000000000	157.000000000	14.300000000	938.000000000	845.000000000	28	50.240000000
237.500000000	237.500000000	0.000000000	228.000000000	0.000000000	932.000000000	594.000000000	90	33.120000000
173.000000000	116.000000000	0.000000000	192.000000000	0.000000000	946.800000000	856.800000000	7	11.390000000
254.000000000	0.000000000	0.000000000	198.000000000	0.000000000	968.000000000	863.000000000	3	9.310000000
286.300000000	200.900000000	0.000000000	144.700000000	11.200000000	1004.600000000	803.700000000	28	67.700000000
339.000000000	0.000000000	0.000000000	197.000000000	0.000000000	968.000000000	781.000000000	3	13.220000000
181.400000000	0.000000000	167.000000000	169.600000000	7.600000000	1055.600000000	777.800000000	56	35.570000000
362.600000000	189.000000000	0.000000000	164.900000000	11.600000000	944.700000000	755.800000000	3	35.300000000
313.300000000	145.000000000	0.000000000	178.500000000	8.000000000	1001.900000000	688.700000000	28	41.050000000
134.700000000	0.000000000	165.700000000	180.200000000	10.000000000	961.000000000	804.900000000	28	13.290000000
136.000000000	162.000000000	126.000000000	172.000000000	10.000000000	923.000000000	764.000000000	28	29.070000000
385.000000000	0.000000000	0.000000000	186.000000000	0.000000000	966.000000000	763.000000000	7	23.220000000
531.300000000	0.000000000	0.000000000	141.800000000	28.200000000	852.100000000	893.700000000	91	59.200000000
439.000000000	177.000000000	0.000000000	186.000000000	11.100000000	884.900000000	707.900000000	56	71.700000000
362.600000000	189.000000000	0.000000000	164.900000000	11.600000000	944.700000000	755.800000000	7	22.900000000
266.000000000	112.000000000	87.000000000	178.000000000	10.000000000	910.000000000	745.000000000	28	39.420000000
379.500000000	151.200000000	0.000000000	153.900000000	15.900000000	1134.300000000	605.000000000	3	28.600000000
218.900000000	0.000000000	124.100000000	158.500000000	11.300000000	1078.700000000	794.900000000	100	46.230000000
491.000000000	26.000000000	123.000000000	210.000000000	3.900000000	882.000000000	699.000000000	28	55.550000000