8
492
0.740000000	686.000000000	245.000000000	220.500000000	3.500000000	3	0.000000000	0	6.050000000
0.760000000	661.500000000	416.500000000	122.500000000	7.000000000	3	0.000000000	0	23.930000000
0.900000000	563.500000000	318.500000000	122.500000000	7.000000000	3	0.100000000	2	29.680000000
0.710000000	710.500000000	269.500000000	220.500000000	3.500000000	2	0.100000000	4	10.660000000
0.640000000	784.000000000	343.000000000	220.500000000	3.500000000	5	0.100000000	1	15.210000000
0.660000000	759.500000000	318.500000000	220.500000000	3.500000000	5	0.400000000	1	15.230000000
0.710000000	710.500000000	269.500000000	220.500000000	3.500000000	2	0.400000000	1	14.510000000
0.820000000	612.500000000	318.500000000	147.000000000	7.000000000	3	0.400000000	1	29.910000000
0.790000000	637.000000000	343.000000000	147.000000000	7.000000000	4	0.000000000	0	29.630000000
0.900000000	563.500000000	318.500000000	122.500000000	7.000000000	4	0.400000000	1	36.660000000
0.620000000	808.500000000	367.500000000	220.500000000	3.500000000	3	0.100000000	2	13.000000000
0.860000000	588.000000000	294.000000000	147.000000000	7.000000000	3	0.250000000	3	29.400000000
0.710000000	710.500000000	269.500000000	220.500000000	3.500000000	4	0.400000000	2	14.400000000
0.690000000	735.000000000	294.000000000	220.500000000	3.500000000	4	0.400000000	3	14.330000000
0.900000000	563.500000000	318.500000000	122.500000000	7.000000000	4	0.400000000	3	35.050000000
0.640000000	784.000000000	343.000000000	220.500000000	3.500000000	5	0.400000000	4	18.840000000
0.790000000	637.000000000	343.000000000	147.000000000	7.000000000	4	0.100000000	5	36.770000000
0.760000000	661.500000000	416.500000000	122.500000000	7.000000000	2	0.100000000	1	32.960000000
0.760000000	661.500000000	416.500000000	122.500000000	7.000000000	2	0.400000000	2	40.780000000
0.690000000	735.000000000	294.000000000	220.500000000	3.500000000	4	0.400000000	2	14.330000000
0.760000000	661.500000000	416.500000000	122.500000000	7.000000000	4	0.250000000	2	36.860000000
0.640000000	784.000000000	343.000000000	220.500000000	3.500000000	4	0.250000000	2	17.020000000
0.740000000	686.000000000	245.000000000	220.500000000	3.500000000	3	0.400000000	3	14.220000000
0.620000000	808.500000000	367.500000000	220.500000000	3.500000000	4	0.100000000	1	12.930000000
0.660000000	759.500000000	318.500000000	220.500000000	3.500000000	5	0.250000000	5	13.020000000
0.820000000	612.500000000	318.500000000	147.000000000	7.000000000	2	0.100000000	4	23.800000000
0.790000000	637.000000000	343.000000000	147.000000000	7.000000000	5	0.400000000	2	41.920000000
0.760000000	661.500000000	416.500000000	122.500000000	7.000000000	4	0.400000000	4	40.600000000
0.900000000	563.500000000	318.500000000	122.500000000	7.000000000	3	0.400000000	4	35.730000000
0.820000000	612.500000000	318.500000000	147.000000000	7.000000000	4	0.400000000	2	28.640000000
0.620000000	808.500000000	367.500000000	220.500000000	3.500000000	5	0.100000000	2	13.040000000
0.790000000	637.000000000	343.000000000	147.000000000	7.000000000	3	0.250000000	2	40.190000000
0.660000000	759.500000000	318.500000000	220.500000000	3.500000000	2	0.100000000	3	11.590000000
0.640000000	784.000000000	343.000000000	220.500000000	3.500000000	3	0.000000000	0	10.540000000
0.620000000	808.500000000	367.500000000	220.500000000	3.500000000	2	0.400000000	2	16.760000000
0.620000000	808.500000000	367.500000000	220.500000000	3.500000000	4	0.250000000	1	15.080000000
0.790000000	637.000000000	343.000000000	147.000000000	7.000000000	5	0.000000000	0	28.750000000
0.980000000	514.500000000	294.000000000	110.250000000	7.000000000	2	0.400000000	1	32.260000000
0.710000000	710.500000000	269.500000000	220.500000000	3.500000000	5	0.100000000	1	10.750000000
0.710000000	710.500000000	269.500000000	220.500000000	3.500000000	3	0.100000000	5	10.700000000
0.790000000	637.000000000	343.000000000	147.000000000	7.000000000	2	0.100000000	3	35.780000000
0.900000000	563.500000000	318.500000000	122.500000000	7.000000000	4	0.000000000	0	20.710000000
0.900000000	563.500000000	318.500000000	122.500000000	7.000000000	3	0.100000000	3	29.010000000
0.980000000	514.500000000	294.000000000	110.250000000	7.000000000	4	0.100000000	3	24.110000000
0.740000000	686.000000000	245.000000000	220.500000000	3.500000000	4	0.000000000	0	6.010000000
0.900000000	563.500000000	318.500000000	122.500000000	7.000000000	3	0.250000000	2	33.270000000
0.820000000	612.500000000	318.500000000	147.000000000	7.000000000	4	0.250000000	2	25.380000000
0.760000000	661.500000000	416.500000000	122.500000000	7.000000000	5	0.100000000	2	32.410000000
0.620000000	808.500000000	367.500000000	220.500000000	3.500000000	5	0.250000000	3	13.990000000
0.660000000	759.500000000	318.500000000	220.500000000	3.500000000	5	0.100000000	1	11.690000000
0.790000000	637.000000000	343.000000000	147.000000000	7.000000000	3	0.400000000	2	43.100000000
0.690000000	735.000000000	294.000000000	220.500000000	3.500000000	4	0.400000000	4	14.530000000
0.980000000	514.500000000	294.000000000	110.250000000	7.000000000	3	0.250000000	4	28.550000000
0.620000000	808.500000000	367.500000000	220.500000000	3.500000000	5	0.400000000	2	17.150000000
0.660000000	759.500000000	318.500000000	220.500000000	3.500000000	4	0.400000000	1	15.230000000
0.760000000	661.500000000	416.500000000	122.500000000	7.000000000	4	0.250000000	3	35.640000000
0.790000000	637.000000000	343.000000000	147.000000000	7.000000000	4	0.100000000	2	36.970000000
0.980000000	514.500000000	294.000000000	110.250000000	7.000000000	4	0.400000000	4	32.210000000
0.820000000	612.500000000	318.500000000	147.000000000	7.000000000	5	0.250000000	4	26.000000000
0.640000000	784.000000000	343.000000000	220.500000000	3.500000000	5	0.250000000	2	17.110000000
0.820000000	612.500000000	318.500000000	147.000000000	7.000000000	4	0.100000000	1	23.540000000
0.690000000	735.000000000	294.000000000	220.500000000	3.500000000	4	0.100000000	1	11.090000000
0.640000000	784.000000000	343.000000000	220.500000000	3.500000000	3	0.400000000	2	18.880000000
0.660000000	759.500000000	318.500000000	220.500000000	3.500000000	3	0.400000000	5	14.920000000
0.980000000	514.500000000	294.000000000	110.250000000	7.000000000	3	0.400000000	5	32.720000000
0.690000000	735.000000000	294.000000000	220.500000000	3.500000000	4	0.100000000	4	11.070000000
0.860000000	588.000000000	294.000000000	147.000000000	7.000000000	2	0.100000000	3	25.410000000
0.740000000	686.000000000	245.000000000	220.500000000	3.500000000	3	0.400000000	5	14.190000000
0.980000000	514.500000000	294.000000000	110.250000000	7.000000000	4	0.100000000	4	24.040000000
0.710000000	710.500000000	269.500000000	220.500000000	3.500000000	5	0.100000000	2	10.680000000
0.900000000	563.500000000	318.500000000	122.500000000	7.000000000	5	0.400000000	5	35.240000000
0.710000000	710.500000000	269.500000000	220.500000000	3.500000000	5	0.400000000	1	14.580000000
0.790000000	637.000000000	343.000000000	147.000000000	7.000000000	4	0.400000000	3	42.490000000
0.860000000	588.000000000	294.000000000	147.000000000	7.000000000	2	0.400000000	4	32.380000000
0.660000000	759.500000000	318.500000000	220.500000000	3.500000000	2	0.250000000	3	12.970000000
0.820000000	612.500000000	318.500000000	147.000000000	7.000000000	4	0.100000000	4	23.590000000
0.790000000	637.000000000	343.000000000	147.000000000	7.000000000	4	0.400000000	2	42.740000000
0.620000000	808.500000000	367.500000000	220.500000000	3.500000000	3	0.400000000	1	17.170000000
0.820000000	612.500000000	318.500000000	147.000000000	7.000000000	5	0.400000000	2	28.010000000
0.740000000	686.000000000	245.000000000	220.500000000	3.500000000	3	0.100000000	5	10.370000000
0.690000000	735.000000000	294.000000000	220.500000000	3.500000000	2	0.250000000	1	12.780000000
0.980000000	514.500000000	294.000000000	110.250000000	7.000000000	3	0.100000000	1	24.630000000
0.640000000	784.000000000	343.000000000	220.500000000	3.500000000	5	0.100000000	5	15.360000000
0.690000000	735.000000000	294.000000000	220.500000000	3.500000000	4	0.250000000	4	12.670000000
0.640000000	784.000000000	343.000000000	220.500000000	3.500000000	3	0.100000000	3	15.360000000
0.620000000	808.500000000	367.500000000	220.500000000	3.500000000	2	0.250000000	5	13.680000000
0.760000000	661.500000000	416.500000000	122.500000000	7.000000000	3	0.250000000	2	36.280000000
0.620000000	808.500000000	367.500000000	220.500000000	3.500000000	2	0.000000000	0	8.600000000
0.660000000	759.500000000	318.500000000	220.500000000	3.500000000	3	0.400000000	1	15.230000000
0.900000000	563.500000000	318.500000000	122.500000000	7.000000000	2	0.400000000	3	34.240000000
0.710000000	710.500000000	269.500000000	220.500000000	3.500000000	4	0.250000000	5	12.250000000
0.760000000	661.500000000	416.500000000	122.500000000	7.000000000	2	0.400000000	5	38.820000000
0.660000000	759.500000000	318.500000000	220.500000000	3.500000000	5	0.000000000	0	7.100000000
0.690000000	735.000000000	294.000000000	220.500000000	3.500000000	5	0.250000000	3	12.120000000
0.690000000	735.000000000	294.000000000	220.500000000	3.500000000	3	0.250000000	1	12.930000000
0.620000000	808.500000000	367.500000000	220.500000000	3.500000000	4	0.400000000	4	16.940000000
0.640000000	784.000000000	343.000000000	220.500000000	3.500000000	3	0.250000000	1	17.350000000
0.980000000	514.500000000	294.000000000	110.250000000	7.000000000	2	0.100000000	5	24.350000000
0.640000000	784.000000000	343.000000000	220.500000000	3.500000000	5	0.250000000	4	16.620000000
0.790000000	637.000000000	343.000000000	147.000000000	7.000000000	5	0.100000000	4	37.100000000
0.980000000	514.500000000	294.000000000	110.250000000	7.000000000	5	0.400000000	1	32.530000000
0.860000000	588.000000000	294.000000000	147.000000000	7.000000000	4	0.400000000	2	32.130000000
0.690000000	735.000000000	294.000000000	220.500000000	3.500000000	3	0.250000000	2	12.870000000
0.900000000	563.500000000	318.500000000	122.500000000	7.000000000	3	0.000000000	0	21.460000000
0.640000000	784.000000000	343.000000000	220.500000000	3.500000000	2	0.100000000	4	15.400000000
0.980000000	514.500000000	294.000000000	110.250000000	7.000000000	3	0.000000000	0	15.550000000
0.790000000	637.000000000	343.000000000	147.000000000	7.000000000	5	0.100000000	2	36.030000000
0.640000000	784.000000000	343.000000000	220.500000000	3.500000000	2	0.100000000	1	15.410000000
0.690000000	735.000000000	294.000000000	220.500000000	3.500000000	2	0.250000000	5	12.470000000
0.900000000	563.500000000	318.500000000	122.500000000	7.000000000	5	0.250000000	4	33.280000000
0.790000000	637.000000000	343.000000000	147.000000000	7.000000000	3	0.400000000	4	41.730000000
0.690000000	735.000000000	294.000000000	220.500000000	3.500000000	4	0.250000000	5	12.180000000
0.640000000	784.000000000	343.000000000	220.500000000	3.500000000	4	0.250000000	3	16.660000000
0.740000000	686.000000000	245.000000000	220.500000000	3.500000000	2	0.100000000	5	10.470000000
0.660000000	759.500000000	318.500000000	220.500000000	3.500000000	4	0.250000000	1	13.170000000
0.690000000	735.000000000	294.000000000	220.500000000	3.500000000	2	0.000000000	0	6.850000000
0.760000000	661.500000000	416.500000000	122.500000000	7.000000000	3	0.100000000	4	32.380000000
0.760000000	661.500000000	416.500000000	122.500000000	7.000000000	2	0.100000000	2	33.160000000
0.900000000	563.500000000	318.500000000	122.500000000	7.000000000	3	0.100000000	5	29.080000000
0.740000000	686.000000000	245.000000000	220.500000000	3.500000000	3	0.100000000	1	10.430000000
0.980000000	514.500000000	294.000000000	110.250000000	7.000000000	5	0.400000000	3	32.750000000
0.760000000	661.500000000	416.500000000	122.500000000	7.000000000	2	0.250000000	3	35.990000000
0.640000000	784.000000000	343.000000000	220.500000000	3.500000000	3	0.100000000	2	15.180000000
0.980000000	514.500000000	294.000000000	110.250000000	7.000000000	5	0.400000000	2	32.720000000
0.860000000	588.000000000	294.000000000	147.000000000	7.000000000	3	0.000000000	0	19.950000000
0.820000000	612.500000000	318.500000000	147.000000000	7.000000000	5	0.100000000	3	23.870000000
0.660000000	759.500000000	318.500000000	220.500000000	3.500000000	5	0.250000000	4	12.920000000
0.660000000	759.500000000	318.500000000	220.500000000	3.500000000	3	0.000000000	0	7.100000000
0.740000000	686.000000000	245.000000000	220.500000000	3.500000000	2	0.400000000	5	14.410000000
0.980000000	514.500000000	294.000000000	110.250000000	7.000000000	4	0.250000000	4	28.150000000
0.620000000	808.500000000	367.500000000	220.500000000	3.500000000	5	0.250000000	1	15.160000000
0.980000000	514.500000000	294.000000000	110.250000000	7.000000000	2	0.400000000	4	32.850000000
0.820000000	612.500000000	318.500000000	147.000000000	7.000000000	5	0.250000000	1	26.190000000
0.740000000	686.000000000	245.000000000	220.500000000	3.500000000	2	0.400000000	1	14.520000000
0.640000000	784.000000000	343.000000000	220.500000000	3.500000000	2	0.250000000	4	16.990000000
0.900000000	563.500000000	318.500000000	122.500000000	7.000000000	5	0.100000000	3	29.050000000
0.980000000	514.500000000	294.000000000	110.250000000	7.000000000	2	0.000000000	0	15.550000000
0.820000000	612.500000000	318.500000000	147.000000000	7.000000000	2	0.000000000	0	17.050000000
0.690000000	735.000000000	294.000000000	220.500000000	3.500000000	3	0.000000000	0	6.790000000
0.760000000	661.500000000	416.500000000	122.500000000	7.000000000	2	0.000000000	0	24.770000000
0.790000000	637.000000000	343.000000000	147.000000000	7.000000000	5	0.100000000	5	35.480000000
0.740000000	686.000000000	245.000000000	220.500000000	3.500000000	3	0.250000000	2	12.450000000
0.860000000	588.000000000	294.000000000	147.000000000	7.000000000	4	0.250000000	2	29.270000000
0.860000000	588.000000000	294.000000000	147.000000000	7.000000000	3	0.400000000	2	32.740000000
0.900000000	563.500000000	318.500000000	122.500000000	7.000000000	4	0.100000000	5	28.030000000
0.660000000	759.500000000	318.500000000	220.500000000	3.500000000	2	0.250000000	1	13.170000000
0.640000000	784.000000000	343.000000000	220.500000000	3.500000000	3	0.250000000	5	16.860000000
0.660000000	759.500000000	318.500000000	220.500000000	3.500000000	4	0.250000000	4	12.860000000
0.710000000	710.500000000	269.500000000	220.500000000	3.500000000	2	0.400000000	4	14.600000000
0.790000000	637.000000000	343.000000000	147.000000000	7.000000000	4	0.100000000	1	36.900000000
0.660000000	759.500000000	318.500000000	220.500000000	3.500000000	3	0.400000000	4	15.290000000
0.660000000	759.500000000	318.500000000	220.500000000	3.500000000	5	0.100000000	2	11.430000000
0.740000000	686.000000000	245.000000000	220.500000000	3.500000000	2	0.250000000	4	12.320000000
0.710000000	710.500000000	269.500000000	220.500000000	3.500000000	3	0.250000000	4	12.490000000
0.900000000	563.500000000	318.500000000	122.500000000	7.000000000	2	0.250000000	5	33.130000000
0.620000000	808.500000000	367.500000000	220.500000000	3.500000000	2	0.400000000	3	16.470000000
0.820000000	612.500000000	318.500000000	147.000000000	7.000000000	4	0.250000000	1	26.970000000
0.760000000	661.500000000	416.500000000	122.500000000	7.000000000	5	0.250000000	1	36.430000000
0.980000000	514.500000000	294.000000000	110.250000000	7.000000000	2	0.100000000	2	24.290000000
0.860000000	588.000000000	294.000000000	147.000000000	7.000000000	5	0.250000000	5	29.390000000
0.790000000	637.000000000	343.000000000	147.000000000	7.000000000	2	0.400000000	4	42.770000000
0.620000000	808.500000000	367.500000000	220.500000000	3.500000000	4	0.250000000	3	13.950000000
0.690000000	735.000000000	294.000000000	220.500000000	3.500000000	2	0.250000000	4	12.910000000
0.620000000	808.500000000	367.500000000	220.500000000	3.500000000	2	0.100000000	3	12.680000000
0.620000000	808.500000000	367.500000000	220.500000000	3.500000000	5	0.100000000	3	12.730000000
0.820000000	612.500000000	318.500000000	147.000000000	7.000000000	5	0.400000000	1	28.650000000
0.760000000	661.500000000	416.500000000	122.500000000	7.000000000	4	0.100000000	3	32.330000000
0.980000000	514.500000000	294.000000000	110.250000000	7.000000000	5	0.250000000	3	28.630000000
0.760000000	661.500000000	416.500000000	122.500000000	7.000000000	4	0.400000000	5	39.310000000
0.640000000	784.000000000	343.000000000	220.500000000	3.500000000	2	0.400000000	5	17.690000000
0.710000000	710.500000000	269.500000000	220.500000000	3.500000000	4	0.400000000	4	14.470000000
0.820000000	612.500000000	318.500000000	147.000000000	7.000000000	5	0.100000000	5	23.860000000
0.980000000	514.500000000	294.000000000	110.250000000	7.000000000	5	0.400000000	4	32.740000000
0.660000000	759.500000000	318.500000000	220.500000000	3.500000000	5	0.400000000	2	15.300000000
0.820000000	612.500000000	318.500000000	147.000000000	7.000000000	2	0.400000000	1	29.220000000
0.980000000	514.500000000	294.000000000	110.250000000	7.000000000	5	0.250000000	1	28.410000000
0.740000000	686.000000000	245.000000000	220.500000000	3.500000000	4	0.100000000	4	10.070000000
0.640000000	784.000000000	343.000000000	220.500000000	3.500000000	5	0.400000000	3	18.460000000
0.710000000	710.500000000	269.500000000	220.500000000	3.500000000	3	0.100000000	2	10.720000000
0.900000000	563.500000000	318.500000000	122.500000000	7.000000000	2	0.100000000	4	29.060000000
0.760000000	661.500000000	416.500000000	122.500000000	7.000000000	5	0.250000000	5	36.700000000
0.790000000	637.000000000	343.000000000	147.000000000	7.000000000	2	0.400000000	5	42.110000000
0.860000000	588.000000000	294.000000000	147.000000000	7.000000000	2	0.000000000	0	19.500000000
0.980000000	514.500000000	294.000000000	110.250000000	7.000000000	5	0.100000000	2	24.250000000
0.980000000	514.500000000	294.000000000	110.250000000	7.000000000	3	0.100000000	5	24.330000000
0.820000000	612.500000000	318.500000000	147.000000000	7.000000000	3	0.250000000	4	24.960000000
0.740000000	686.000000000	245.000000000	220.500000000	3.500000000	4	0.250000000	2	12.160000000
0.740000000	686.000000000	245.000000000	220.500000000	3.500000000	3	0.250000000	1	12.500000000
0.640000000	784.000000000	343.000000000	220.500000000	3.500000000	3	0.400000000	1	19.360000000
0.640000000	784.000000000	343.000000000	220.500000000	3.500000000	5	0.100000000	2	15.190000000
0.790000000	637.000000000	343.000000000	147.000000000	7.000000000	5	0.100000000	3	36.700000000
0.740000000	686.000000000	245.000000000	220.500000000	3.500000000	5	0.250000000	4	12.430000000
0.620000000	808.500000000	367.500000000	220.500000000	3.500000000	2	0.400000000	1	15.090000000
0.980000000	514.500000000	294.000000000	110.250000000	7.000000000	4	0.100000000	2	24.130000000
0.640000000	784.000000000	343.000000000	220.500000000	3.500000000	5	0.000000000	0	10.560000000
0.710000000	710.500000000	269.500000000	220.500000000	3.500000000	4	0.250000000	4	12.170000000
0.820000000	612.500000000	318.500000000	147.000000000	7.000000000	2	0.250000000	2	25.740000000
0.980000000	514.500000000	294.000000000	110.250000000	7.000000000	5	0.000000000	0	15.550000000
0.820000000	612.500000000	318.500000000	147.000000000	7.000000000	2	0.400000000	5	30.000000000
0.740000000	686.000000000	245.000000000	220.500000000	3.500000000	2	0.400000000	4	14.370000000
0.740000000	686.000000000	245.000000000	220.500000000	3.500000000	4	0.100000000	1	10.360000000
0.900000000	563.500000000	318.500000000	122.500000000	7.000000000	5	0.250000000	3	32.290000000
0.690000000	735.000000000	294.000000000	220.500000000	3.500000000	5	0.400000000	5	14.210000000
0.740000000	686.000000000	245.000000000	220.500000000	3.500000000	4	0.250000000	1	12.410000000
0.740000000	686.000000000	245.000000000	220.500000000	3.500000000	2	0.400000000	2	14.540000000
0.690000000	735.000000000	294.000000000	220.500000000	3.500000000	5	0.400000000	1	14.420000000
0.710000000	710.500000000	269.500000000	220.500000000	3.500000000	3	0.100000000	3	10.680000000
0.620000000	808.500000000	367.500000000	220.500000000	3.500000000	3	0.250000000	5	13.990000000
0.820000000	612.500000000	318.500000000	147.000000000	7.000000000	5	0.400000000	5	29.920000000
0.760000000	661.500000000	416.500000000	122.500000000	7.000000000	3	0.250000000	1	36.130000000
0.740000000	686.000000000	245.000000000	220.500000000	3.500000000	4	0.400000000	5	14.170000000
0.820000000	612.500000000	318.500000000	147.000000000	7.000000000	5	0.250000000	2	24.940000000
0.660000000	759.500000000	318.500000000	220.500000000	3.500000000	2	0.400000000	5	14.960000000
0.740000000	686.000000000	245.000000000	220.500000000	3.500000000	4	0.100000000	3	10.350000000
0.860000000	588.000000000	294.000000000	147.000000000	7.000000000	5	0.250000000	3	29.070000000
0.710000000	710.500000000	269.500000000	220.500000000	3.500000000	3	0.400000000	4	14.700000000
0.760000000	661.500000000	416.500000000	122.500000000	7.000000000	5	0.250000000	4	36.260000000
0.860000000	588.000000000	294.000000000	147.000000000	7.000000000	5	0.400000000	2	31.640000000
0.640000000	784.000000000	343.000000000	220.500000000	3.500000000	4	0.100000000	3	15.120000000
0.820000000	612.500000000	318.500000000	147.000000000	7.000000000	3	0.250000000	2	25.980000000
0.820000000	612.500000000	318.500000000	147.000000000	7.000000000	2	0.100000000	2	23.750000000
0.860000000	588.000000000	294.000000000	147.000000000	7.000000000	3	0.100000000	1	26.910000000
0.640000000	784.000000000	343.000000000	220.500000000	3.500000000	2	0.000000000	0	10.850000000
0.740000000	686.000000000	245.000000000	220.500000000	3.500000000	4	0.250000000	3	11.980000000
0.790000000	637.000000000	343.000000000	147.000000000	7.000000000	3	0.250000000	1	40.030000000
0.760000000	661.500000000	416.500000000	122.500000000	7.000000000	4	0.400000000	3	38.890000000
0.660000000	759.500000000	318.500000000	220.500000000	3.500000000	3	0.250000000	1	13.180000000
0.860000000	588.000000000	294.000000000	147.000000000	7.000000000	4	0.250000000	5	28.310000000
0.820000000	612.500000000	318.500000000	147.000000000	7.000000000	3	0.400000000	2	29.490000000
0.660000000	759.500000000	318.500000000	220.500000000	3.500000000	3	0.250000000	5	12.820000000
0.740000000	686.000000000	245.000000000	220.500000000	3.500000000	2	0.100000000	4	10.080000000
0.760000000	661.500000000	416.500000000	122.500000000	7.000000000	2	0.100000000	4	33.080000000
0.900000000	563.500000000	318.500000000	122.500000000	7.000000000	2	0.100000000	2	28.880000000
0.690000000	735.000000000	294.000000000	220.500000000	3.500000000	2	0.400000000	3	14.320000000
0.640000000	784.000000000	343.000000000	220.500000000	3.500000000	4	0.100000000	1	15.420000000
0.860000000	588.000000000	294.000000000	147.000000000	7.000000000	5	0.400000000	1	31.290000000
0.980000000	514.500000000	294.000000000	110.250000000	7.000000000	5	0.250000000	4	28.620000000
0.690000000	735.000000000	294.000000000	220.500000000	3.500000000	3	0.100000000	3	11.160000000
0.820000000	612.500000000	318.500000000	147.000000000	7.000000000	5	0.400000000	4	29.520000000
0.980000000	514.500000000	294.000000000	110.250000000	7.000000000	3	0.100000000	2	24.310000000
0.900000000	563.500000000	318.500000000	122.500000000	7.000000000	3	0.250000000	4	31.690000000
0.710000000	710.500000000	269.500000000	220.500000000	3.500000000	2	0.250000000	2	12.330000000
0.690000000	735.000000000	294.000000000	220.500000000	3.500000000	3	0.100000000	2	11.460000000
0.980000000	514.500000000	294.000000000	110.250000000	7.000000000	5	0.250000000	5	28.610000000
0.710000000	710.500000000	269.500000000	220.500000000	3.500000000	3	0.400000000	5	12.630000000
0.820000000	612.500000000	318.500000000	147.000000000	7.000000000	5	0.100000000	1	22.580000000
0.640000000	784.000000000	343.000000000	220.500000000	3.500000000	5	0.100000000	3	15.360000000
0.620000000	808.500000000	367.500000000	220.500000000	3.500000000	5	0.100000000	1	13.020000000
0.690000000	735.000000000	294.000000000	220.500000000	3.500000000	5	0.000000000	0	6.810000000
0.640000000	784.000000000	343.000000000	220.500000000	3.500000000	5	0.400000000	1	19.420000000
0.980000000	514.500000000	294.000000000	110.250000000	7.000000000	3	0.250000000	5	28.580000000
0.900000000	563.500000000	318.500000000	122.500000000	7.000000000	5	0.400000000	3	34.290000000
0.860000000	588.000000000	294.000000000	147.000000000	7.000000000	3	0.100000000	4	25.370000000
0.760000000	661.500000000	416.500000000	122.500000000	7.000000000	2	0.250000000	2	36.950000000
0.820000000	612.500000000	318.500000000	147.000000000	7.000000000	4	0.400000000	1	29.530000000
0.690000000	735.000000000	294.000000000	220.500000000	3.500000000	2	0.400000000	1	14.510000000
0.740000000	686.000000000	245.000000000	220.500000000	3.500000000	2	0.400000000	3	13.970000000
0.790000000	637.000000000	343.000000000	147.000000000	7.000000000	3	0.100000000	4	35.890000000
0.740000000	686.000000000	245.000000000	220.500000000	3.500000000	5	0.100000000	4	10.140000000
0.860000000	588.000000000	294.000000000	147.000000000	7.000000000	4	0.100000000	1	26.370000000
0.760000000	661.500000000	416.500000000	122.500000000	7.000000000	3	0.400000000	3	39.840000000
0.620000000	808.500000000	367.500000000	220.500000000	3.500000000	5	0.000000000	0	8.500000000
0.710000000	710.500000000	269.500000000	220.500000000	3.500000000	4	0.100000000	1	10.700000000
0.710000000	710.500000000	269.500000000	220.500000000	3.500000000	5	0.250000000	5	12.270000000
0.790000000	637.000000000	343.000000000	147.000000000	7.000000000	2	0.250000000	2	38.570000000
0.860000000	588.000000000	294.000000000	147.000000000	7.000000000	5	0.250000000	1	28.660000000
0.760000000	661.500000000	416.500000000	122.500000000	7.000000000	4	0.400000000	1	40.710000000
0.660000000	759.500000000	318.500000000	220.500000000	3.500000000	3	0.100000000	4	11.420000000
0.790000000	637.000000000	343.000000000	147.000000000	7.000000000	4	0.250000000	4	38.330000000
0.980000000	514.500000000	294.000000000	110.250000000	7.000000000	5	0.100000000	5	24.260000000
0.710000000	710.500000000	269.500000000	220.500000000	3.500000000	2	0.100000000	1	10.710000000
0.640000000	784.000000000	343.000000000	220.500000000	3.500000000	3	0.400000000	3	18.710000000
0.900000000	563.500000000	318.500000000	122.500000000	7.000000000	2	0.000000000	0	20.840000000
0.790000000	637.000000000	343.000000000	147.000000000	7.000000000	5	0.250000000	1	39.040000000
0.860000000	588.000000000	294.000000000	147.000000000	7.000000000	2	0.400000000	5	32.310000000
0.790000000	637.000000000	343.000000000	147.000000000	7.000000000	5	0.400000000	1	41.670000000
0.640000000	784.000000000	343.000000000	220.500000000	3.500000000	4	0.400000000	2	18.900000000
0.790000000	637.000000000	343.000000000	147.000000000	7.000000000	2	0.250000000	4	40.000000000
0.820000000	612.500000000	318.500000000	147.000000000	7.000000000	2	0.250000000	1	26.840000000
0.660000000	759.500000000	318.500000000	220.500000000	3.500000000	2	0.250000000	4	12.950000000
0.640000000	784.000000000	343.000000000	220.500000000	3.500000000	3	0.250000000	3	16.930000000
0.900000000	563.500000000	318.500000000	122.500000000	7.000000000	2	0.400000000	4	36.450000000
0.640000000	784.000000000	343.000000000	220.500000000	3.500000000	3	0.400000000	4	19.130000000
0.900000000	563.500000000	318.500000000	122.500000000	7.000000000	2	0.100000000	1	29.030000000
0.760000000	661.500000000	416.500000000	122.500000000	7.000000000	3	0.400000000	5	39.720000000
0.640000000	784.000000000	343.000000000	220.500000000	3.500000000	4	0.400000000	3	18.480000000
0.980000000	514.500000000	294.000000000	110.250000000	7.000000000	2	0.100000000	1	24.580000000
0.900000000	563.500000000	318.500000000	122.500000000	7.000000000	4	0.400000000	5	34.720000000
0.710000000	710.500000000	269.500000000	220.500000000	3.500000000	4	0.100000000	4	10.530000000
0.790000000	637.000000000	343.000000000	147.000000000	7.000000000	2	0.400000000	3	41.260000000
0.710000000	710.500000000	269.500000000	220.500000000	3.500000000	3	0.000000000	0	6.400000000
0.620000000	808.500000000	367.500000000	220.500000000	3.500000000	4	0.400000000	3	16.550000000
0.740000000	686.000000000	245.000000000	220.500000000	3.500000000	3	0.250000000	4	12.300000000
0.740000000	686.000000000	245.000000000	220.500000000	3.500000000	2	0.250000000	2	12.350000000
0.860000000	588.000000000	294.000000000	147.000000000	7.000000000	5	0.100000000	4	27.030000000
0.740000000	686.000000000	245.000000000	220.500000000	3.500000000	3	0.400000000	4	14.480000000
0.640000000	784.000000000	343.000000000	220.500000000	3.500000000	3	0.400000000	5	18.190000000
0.900000000	563.500000000	318.500000000	122.500000000	7.000000000	4	0.250000000	5	31.530000000
0.900000000	563.500000000	318.500000000	122.500000000	7.000000000	3	0.250000000	1	33.480000000
0.860000000	588.000000000	294.000000000	147.000000000	7.000000000	5	0.400000000	3	31.840000000
0.900000000	563.500000000	318.500000000	122.500000000	7.000000000	5	0.000000000	0	19.680000000
0.860000000	588.000000000	294.000000000	147.000000000	7.000000000	2	0.250000000	2	29.340000000
0.900000000	563.500000000	318.500000000	122.500000000	7.000000000	5	0.400000000	2	35.690000000
0.710000000	710.500000000	269.500000000	220.500000000	3.500000000	4	0.100000000	3	10.680000000
0.980000000	514.500000000	294.000000000	110.250000000	7.000000000	4	0.400000000	5	32.210000000
0.980000000	514.500000000	294.000000000	110.250000000	7.000000000	2	0.250000000	5	28.690000000
0.860000000	588.000000000	294.000000000	147.000000000	7.000000000	3	0.400000000	5	31.810000000
0.620000000	808.500000000	367.500000000	220.500000000	3.500000000	5	0.250000000	2	14.600000000
0.860000000	588.000000000	294.000000000	147.000000000	7.000000000	3	0.250000000	2	29.870000000
0.690000000	735.000000000	294.000000000	220.500000000	3.500000000	5	0.100000000	4	11.200000000
0.690000000	735.000000000	294.000000000	220.500000000	3.500000000	3	0.250000000	3	12.460000000
0.620000000	808.500000000	367.500000000	220.500000000	3.500000000	2	0.100000000	4	12.850000000
0.790000000	637.000000000	343.000000000	147.000000000	7.000000000	4	0.250000000	1	39.860000000
0.860000000	588.000000000	294.000000000	147.000000000	7.000000000	2	0.400000000	1	31.890000000
0.740000000	686.000000000	245.000000000	220.500000000	3.500000000	5	0.100000000	3	10.380000000
0.620000000	808.500000000	367.500000000	220.500000000	3.500000000	2	0.100000000	2	12.880000000
0.820000000	612.500000000	318.500000000	147.000000000	7.000000000	3	0.400000000	5	29.500000000
0.640000000	784.000000000	343.000000000	220.500000000	3.500000000	2	0.250000000	2	17.140000000
0.740000000	686.000000000	245.000000000	220.500000000	3.500000000	5	0.400000000	4	14.440000000
0.620000000	808.500000000	367.500000000	220.500000000	3.500000000	2	0.100000000	1	12.960000000
0.820000000	612.500000000	318.500000000	147.000000000	7.000000000	4	0.100000000	5	22.890000000
0.760000000	661.500000000	416.500000000	122.500000000	7.000000000	3	0.400000000	4	40.400000000
0.860000000	588.000000000	294.000000000	147.000000000	7.000000000	3	0.400000000	1	32.390000000
0.980000000	514.500000000	294.000000000	110.250000000	7.000000000	2	0.400000000	2	32.820000000
0.900000000	563.500000000	318.500000000	122.500000000	7.000000000	2	0.100000000	3	28.070000000
0.900000000	563.500000000	318.500000000	122.500000000	7.000000000	2	0.400000000	5	35.670000000
0.860000000	588.000000000	294.000000000	147.000000000	7.000000000	5	0.250000000	4	29.880000000
0.690000000	735.000000000	294.000000000	220.500000000	3.500000000	2	0.100000000	5	11.210000000
0.660000000	759.500000000	318.500000000	220.500000000	3.500000000	2	0.400000000	1	15.230000000
0.980000000	514.500000000	294.000000000	110.250000000	7.000000000	3	0.100000000	3	24.400000000
0.860000000	588.000000000	294.000000000	147.000000000	7.000000000	5	0.250000000	2	28.400000000
0.640000000	784.000000000	343.000000000	220.500000000	3.500000000	3	0.100000000	1	15.200000000
0.740000000	686.000000000	245.000000000	220.500000000	3.500000000	5	0.400000000	2	14.500000000
0.620000000	808.500000000	367.500000000	220.500000000	3.500000000	4	0.250000000	4	14.610000000
0.620000000	808.500000000	367.500000000	220.500000000	3.500000000	5	0.400000000	3	16.740000000
0.660000000	759.500000000	318.500000000	220.500000000	3.500000000	5	0.100000000	5	11.340000000
0.760000000	661.500000000	416.500000000	122.500000000	7.000000000	3	0.100000000	2	32.400000000
0.620000000	808.500000000	367.500000000	220.500000000	3.500000000	5	0.400000000	4	16.770000000
0.900000000	563.500000000	318.500000000	122.500000000	7.000000000	3	0.400000000	2	36.570000000
0.710000000	710.500000000	269.500000000	220.500000000	3.500000000	2	0.250000000	5	12.270000000
0.820000000	612.500000000	318.500000000	147.000000000	7.000000000	3	0.100000000	4	22.800000000
0.660000000	759.500000000	318.500000000	220.500000000	3.500000000	2	0.100000000	5	11.380000000
0.900000000	563.500000000	318.500000000	122.500000000	7.000000000	4	0.400000000	2	36.060000000
0.790000000	637.000000000	343.000000000	147.000000000	7.000000000	2	0.100000000	5	37.030000000
0.620000000	808.500000000	367.500000000	220.500000000	3.500000000	4	0.100000000	2	12.970000000
0.900000000	563.500000000	318.500000000	122.500000000	7.000000000	3	0.100000000	1	29.870000000
0.690000000	735.000000000	294.000000000	220.500000000	3.500000000	2	0.250000000	2	12.850000000
0.820000000	612.500000000	318.500000000	147.000000000	7.000000000	4	0.400000000	5	29.060000000
0.660000000	759.500000000	318.500000000	220.500000000	3.500000000	5	0.400000000	5	15.160000000
0.760000000	661.500000000	416.500000000	122.500000000	7.000000000	4	0.100000000	5	32.460000000
0.740000000	686.000000000	245.000000000	220.500000000	3.500000000	4	0.250000000	4	12.180000000
0.790000000	637.000000000	343.000000000	147.000000000	7.000000000	3	0.400000000	1	42.620000000
0.690000000	735.000000000	294.000000000	220.500000000	3.500000000	2	0.100000000	4	11.180000000
0.640000000	784.000000000	343.000000000	220.500000000	3.500000000	2	0.100000000	2	15.410000000
0.710000000	710.500000000	269.500000000	220.500000000	3.500000000	4	0.000000000	0	6.370000000
0.820000000	612.500000000	318.500000000	147.000000000	7.000000000	3	0.100000000	3	23.840000000
0.660000000	759.500000000	318.500000000	220.500000000	3.500000000	2	0.100000000	1	11.680000000
0.620000000	808.500000000	367.500000000	220.500000000	3.500000000	3	0.250000000	4	14.610000000
0.860000000	588.000000000	294.000000000	147.000000000	7.000000000	2	0.100000000	2	26.480000000
0.660000000	759.500000000	318.500000000	220.500000000	3.500000000	4	0.000000000	0	7.100000000
0.660000000	759.500000000	318.500000000	220.500000000	3.500000000	3	0.400000000	3	15.180000000
0.900000000	563.500000000	318.500000000	122.500000000	7.000000000	4	0.250000000	2	32.330000000
0.980000000	514.500000000	294.000000000	110.250000000	7.000000000	4	0.250000000	2	28.180000000
0.740000000	686.000000000	245.000000000	220.500000000	3.500000000	5	0.400000000	5	14.390000000
0.690000000	735.000000000	294.000000000	220.500000000	3.500000000	4	0.100000000	2	11.320000000
0.620000000	808.500000000	367.500000000	220.500000000	3.500000000	3	0.100000000	1	12.970000000
0.760000000	661.500000000	416.500000000	122.500000000	7.000000000	4	0.250000000	1	36.910000000
0.860000000	588.000000000	294.000000000	147.000000000	7.000000000	4	0.100000000	2	26.330000000
0.690000000	735.000000000	294.000000000	220.500000000	3.500000000	3	0.100000000	5	11.140000000
0.860000000	588.000000000	294.000000000	147.000000000	7.000000000	4	0.250000000	4	29.080000000
0.790000000	637.000000000	343.000000000	147.000000000	7.000000000	5	0.400000000	5	40.790000000
0.980000000	514.500000000	294.000000000	110.250000000	7.000000000	2	0.400000000	3	32.820000000
0.900000000	563.500000000	318.500000000	122.500000000	7.000000000	4	0.250000000	1	32.840000000
0.620000000	808.500000000	367.500000000	220.500000000	3.500000000	4	0.400000000	1	17.140000000
0.710000000	710.500000000	269.500000000	220.500000000	3.500000000	5	0.250000000	4	12.280000000
0.740000000	686.000000000	245.000000000	220.500000000	3.500000000	3	0.100000000	2	10.460000000
0.860000000	588.000000000	294.000000000	147.000000000	7.000000000	4	0.400000000	4	32.150000000
0.760000000	661.500000000	416.500000000	122.500000000	7.000000000	2	0.250000000	5	35.690000000
0.660000000	759.500000000	318.500000000	220.500000000	3.500000000	4	0.100000000	1	11.700000000
0.620000000	808.500000000	367.500000000	220.500000000	3.500000000	4	0.100000000	5	12.800000000
0.740000000	686.000000000	245.000000000	220.500000000	3.500000000	3	0.400000000	2	14.450000000
0.860000000	588.000000000	294.000000000	147.000000000	7.000000000	4	0.100000000	5	25.360000000
0.820000000	612.500000000	318.500000000	147.000000000	7.000000000	4	0.250000000	3	25.370000000
0.690000000	735.000000000	294.000000000	220.500000000	3.500000000	5	0.250000000	4	12.860000000
0.980000000	514.500000000	294.000000000	110.250000000	7.000000000	3	0.250000000	1	28.150000000
0.660000000	759.500000000	318.500000000	220.500000000	3.500000000	4	0.400000000	3	14.720000000
0.710000000	710.500000000	269.500000000	220.500000000	3.500000000	5	0.400000000	2	14.710000000
0.620000000	808.500000000	367.500000000	220.500000000	3.500000000	3	0.400000000	5	16.440000000
0.980000000	514.500000000	294.000000000	110.250000000	7.000000000	5	0.100000000	1	24.590000000
0.820000000	612.500000000	318.500000000	147.000000000	7.000000000	4	0.000000000	0	16.950000000
0.640000000	784.000000000	343.000000000	220.500000000	3.500000000	5	0.250000000	3	16.860000000
0.660000000	759.500000000	318.500000000	220.500000000	3.500000000	3	0.250000000	2	12.930000000
0.900000000	563.500000000	318.500000000	122.500000000	7.000000000	3	0.100000000	4	28.050000000
0.640000000	784.000000000	343.000000000	220.500000000	3.500000000	5	0.250000000	5	16.920000000
0.710000000	710.500000000	269.500000000	220.500000000	3.500000000	2	0.100000000	2	10.640000000
0.760000000	661.500000000	416.500000000	122.500000000	7.000000000	2	0.400000000	1	40.780000000
0.860000000	588.000000000	294.000000000	147.000000000	7.000000000	3	0.250000000	5	29.090000000
0.900000000	563.500000000	318.500000000	122.500000000	7.000000000	5	0.100000000	2	27.900000000
0.860000000	588.000000000	294.000000000	147.000000000	7.000000000	3	0.400000000	4	31.660000000
0.690000000	735.000000000	294.000000000	220.500000000	3.500000000	2	0.100000000	1	11.110000000
0.640000000	784.000000000	343.000000000	220.500000000	3.500000000	5	0.400000000	5	17.880000000
0.710000000	710.500000000	269.500000000	220.500000000	3.500000000	2	0.250000000	4	12.360000000
0.660000000	759.500000000	318.500000000	220.500000000	3.500000000	2	0.100000000	4	11.440000000
0.690000000	735.000000000	294.000000000	220.500000000	3.500000000	2	0.100000000	3	11.220000000
0.640000000	784.000000000	343.000000000	220.500000000	3.500000000	2	0.400000000	2	19.200000000
0.710000000	710.500000000	269.500000000	220.500000000	3.500000000	2	0.100000000	3	10.770000000
0.820000000	612.500000000	318.500000000	147.000000000	7.000000000	2	0.100000000	1	23.530000000
0.760000000	661.500000000	416.500000000	122.500000000	7.000000000	2	0.400000000	3	39.320000000
0.900000000	563.500000000	318.500000000	122.500000000	7.000000000	4	0.400000000	4	35.400000000
0.660000000	759.500000000	318.500000000	220.500000000	3.500000000	4	0.250000000	5	12.780000000
0.860000000	588.000000000	294.000000000	147.000000000	7.000000000	2	0.400000000	3	31.280000000
0.660000000	759.500000000	318.500000000	220.500000000	3.500000000	2	0.100000000	2	11.450000000
0.980000000	514.500000000	294.000000000	110.250000000	7.000000000	3	0.400000000	4	32.670000000
0.740000000	686.000000000	245.000000000	220.500000000	3.500000000	5	0.250000000	5	12.020000000
0.620000000	808.500000000	367.500000000	220.500000000	3.500000000	5	0.250000000	4	14.650000000
0.790000000	637.000000000	343.000000000	147.000000000	7.000000000	4	0.400000000	4	41.320000000
0.820000000	612.500000000	318.500000000	147.000000000	7.000000000	4	0.100000000	2	23.670000000
0.820000000	612.500000000	318.500000000	147.000000000	7.000000000	5	0.400000000	3	28.910000000
0.740000000	686.000000000	245.000000000	220.500000000	3.500000000	5	0.400000000	1	14.550000000
0.980000000	514.500000000	294.000000000	110.250000000	7.000000000	2	0.250000000	2	28.670000000
0.640000000	784.000000000	343.000000000	220.500000000	3.500000000	3	0.250000000	4	16.690000000
0.790000000	637.000000000	343.000000000	147.000000000	7.000000000	5	0.100000000	1	35.940000000
0.790000000	637.000000000	343.000000000	147.000000000	7.000000000	5	0.400000000	3	42.080000000
0.790000000	637.000000000	343.000000000	147.000000000	7.000000000	3	0.100000000	1	37.120000000
0.740000000	686.000000000	245.000000000	220.500000000	3.500000000	5	0.250000000	1	12.450000000
0.710000000	710.500000000	269.500000000	220.500000000	3.500000000	5	0.100000000	3	10.700000000
0.980000000	514.500000000	294.000000000	110.250000000	7.000000000	4	0.000000000	0	15.550000000
0.690000000	735.000000000	294.000000000	220.500000000	3.500000000	4	0.400000000	5	14.370000000
0.820000000	612.500000000	318.500000000	147.000000000	7.000000000	3	0.250000000	5	25.170000000
0.790000000	637.000000000	343.000000000	147.000000000	7.000000000	3	0.100000000	5	36.710000000
0.760000000	661.500000000	416.500000000	122.500000000	7.000000000	4	0.250000000	5	36.060000000
0.740000000	686.000000000	245.000000000	220.500000000	3.500000000	5	0.000000000	0	6.040000000
0.860000000	588.000000000	294.000000000	147.000000000	7.000000000	2	0.400000000	2	32.480000000
0.980000000	514.500000000	294.000000000	110.250000000	7.000000000	4	0.250000000	5	28.150000000
0.790000000	637.000000000	343.000000000	147.000000000	7.000000000	5	0.250000000	4	40.120000000
0.690000000	735.000000000	294.000000000	220.500000000	3.500000000	5	0.400000000	2	14.620000000
0.760000000	661.500000000	416.500000000	122.500000000	7.000000000	3	0.250000000	3	36.590000000
0.740000000	686.000000000	245.000000000	220.500000000	3.500000000	2	0.100000000	2	10.420000000
0.660000000	759.500000000	318.500000000	220.500000000	3.500000000	4	0.250000000	3	12.740000000
0.740000000	686.000000000	245.000000000	220.500000000	3.500000000	5	0.100000000	5	10.390000000
0.710000000	710.500000000	269.500000000	220.500000000	3.500000000	2	0.400000000	3	14.070000000
0.640000000	784.000000000	343.000000000	220.500000000	3.500000000	2	0.400000000	1	19.520000000
0.820000000	612.500000000	318.500000000	147.000000000	7.000000000	3	0.000000000	0	17.410000000
0.710000000	710.500000000	269.500000000	220.500000000	3.500000000	2	0.000000000	0	6.370000000
0.860000000	588.000000000	294.000000000	147.000000000	7.000000000	4	0.000000000	0	19.340000000
0.740000000	686.000000000	245.000000000	220.500000000	3.500000000	4	0.400000000	1	14.500000000
0.760000000	661.500000000	416.500000000	122.500000000	7.000000000	5	0.100000000	3	33.240000000
0.860000000	588.000000000	294.000000000	147.000000000	7.000000000	4	0.400000000	3	32.050000000
0.690000000	735.000000000	294.000000000	220.500000000	3.500000000	3	0.100000000	4	11.220000000
0.980000000	514.500000000	294.000000000	110.250000000	7.000000000	5	0.400000000	5	32.730000000
0.640000000	784.000000000	343.000000000	220.500000000	3.500000000	4	0.100000000	4	15.320000000
0.640000000	784.000000000	343.000000000	220.500000000	3.500000000	3	0.100000000	4	15.190000000
0.740000000	686.000000000	245.000000000	220.500000000	3.500000000	4	0.100000000	2	10.320000000
0.760000000	661.500000000	416.500000000	122.500000000	7.000000000	5	0.400000000	1	40.430000000
0.980000000	514.500000000	294.000000000	110.250000000	7.000000000	4	0.100000000	5	24.030000000
0.900000000	563.500000000	318.500000000	122.500000000	7.000000000	3	0.400000000	5	35.010000000
0.860000000	588.000000000	294.000000000	147.000000000	7.000000000	4	0.100000000	3	26.890000000
0.900000000	563.500000000	318.500000000	122.500000000	7.000000000	2	0.250000000	3	31.630000000
0.710000000	710.500000000	269.500000000	220.500000000	3.500000000	3	0.400000000	1	14.600000000
0.640000000	784.000000000	343.000000000	220.500000000	3.500000000	2	0.250000000	5	16.730000000
0.660000000	759.500000000	318.500000000	220.500000000	3.500000000	5	0.400000000	4	15.300000000
0.760000000	661.500000000	416.500000000	122.500000000	7.000000000	5	0.100000000	1	32.210000000
0.860000000	588.000000000	294.000000000	147.000000000	7.000000000	2	0.100000000	4	26.440000000
0.620000000	808.500000000	367.500000000	220.500000000	3.500000000	3	0.100000000	4	13.040000000
0.710000000	710.500000000	269.500000000	220.500000000	3.500000000	2	0.400000000	2	14.700000000
0.790000000	637.000000000	343.000000000	147.000000000	7.000000000	2	0.100000000	1	35.560000000
0.790000000	637.000000000	343.000000000	147.000000000	7.000000000	5	0.250000000	5	38.650000000
0.790000000	637.000000000	343.000000000	147.000000000	7.000000000	3	0.100000000	2	37.260000000
0.740000000	686.000000000	245.000000000	220.500000000	3.500000000	2	0.250000000	1	12.430000000
0.860000000	588.000000000	294.000000000	147.000000000	7.000000000	5	0.000000000	0	18.310000000
0.740000000	686.000000000	245.000000000	220.500000000	3.500000000	5	0.250000000	3	11.690000000
0.820000000	612.500000000	318.500000000	147.000000000	7.000000000	2	0.100000000	3	22.930000000
0.760000000	661.500000000	416.500000000	122.500000000	7.000000000	5	0.100000000	4	32.310000000
0.620000000	808.500000000	367.500000000	220.500000000	3.500000000	5	0.400000000	5	16.640000000
0.660000000	759.500000000	318.500000000	220.500000000	3.500000000	5	0.250000000	3	12.840000000
0.660000000	759.500000000	318.500000000	220.500000000	3.500000000	4	0.400000000	4	15.090000000
0.690000000	735.000000000	294.000000000	220.500000000	3.500000000	3	0.250000000	4	12.950000000
0.790000000	637.000000000	343.000000000	147.000000000	7.000000000	4	0.400000000	5	41.090000000
0.660000000	759.500000000	318.500000000	220.500000000	3.500000000	3	0.100000000	3	11.600000000
0.660000000	759.500000000	318.500000000	220.500000000	3.500000000	4	0.250000000	2	12.770000000
0.710000000	710.500000000	269.500000000	220.500000000	3.500000000	5	0.400000000	3	13.860000000
0.860000000	588.000000000	294.000000000	147.000000000	7.000000000	5	0.100000000	5	26.450000000
0.860000000	588.000000000	294.000000000	147.000000000	7.000000000	2	0.250000000	1	29.540000000
0.710000000	710.500000000	269.500000000	220.500000000	3.500000000	2	0.250000000	3	12.410000000
0.710000000	710.500000000	269.500000000	220.500000000	3.500000000	2	0.400000000	5	12.430000000
0.760000000	661.500000000	416.500000000	122.500000000	7.000000000	4	0.100000000	1	32.940000000
0.980000000	514.500000000	294.000000000	110.250000000	7.000000000	3	0.100000000	4	24.230000000
0.820000000	612.500000000	318.500000000	147.000000000	7.000000000	3	0.100000000	2	24.230000000
0.790000000	637.000000000	343.000000000	147.000000000	7.000000000	5	0.250000000	3	39.830000000
0.820000000	612.500000000	318.500000000	147.000000000	7.000000000	3	0.100000000	1	24.030000000
0.740000000	686.000000000	245.000000000	220.500000000	3.500000000	5	0.250000000	2	12.300000000
0.640000000	784.000000000	343.000000000	220.500000000	3.500000000	2	0.400000000	3	18.480000000