5
963
200	12.300000000	0.101600000	39.600000000	0.040826800	128.545000000
12500	1.500000000	0.304800000	71.300000000	0.003367290	109.222000000
4000	0.000000000	0.050800000	31.700000000	0.000812164	134.110000000
2000	15.600000000	0.101600000	71.300000000	0.043725900	119.888000000
5000	0.000000000	0.101600000	39.600000000	0.001463320	126.021000000
4000	15.400000000	0.050800000	31.700000000	0.028985300	115.635000000
400	9.900000000	0.152400000	71.300000000	0.019300100	135.079000000
16000	0.000000000	0.304800000	71.300000000	0.002663370	108.721000000
315	22.200000000	0.025400000	39.600000000	0.022902800	120.716000000
1250	7.300000000	0.228600000	71.300000000	0.010440400	127.358000000
315	9.900000000	0.152400000	71.300000000	0.019300100	135.459000000
800	9.500000000	0.025400000	71.300000000	0.004206540	127.206000000
2000	0.000000000	0.152400000	71.300000000	0.001598800	128.647000000
4000	15.600000000	0.101600000	39.600000000	0.052848700	106.604000000
400	9.900000000	0.152400000	39.600000000	0.023332800	128.345000000
1000	0.000000000	0.228600000	39.600000000	0.002535110	130.435000000
10000	2.700000000	0.152400000	71.300000000	0.002438510	116.724000000
400	15.400000000	0.050800000	55.500000000	0.027192500	126.500000000
5000	4.000000000	0.304800000	71.300000000	0.004977730	117.785000000
2000	7.300000000	0.228600000	71.300000000	0.010440400	122.708000000
2000	17.400000000	0.025400000	71.300000000	0.016104000	126.826000000
630	17.400000000	0.025400000	39.600000000	0.017220600	124.514000000
500	11.200000000	0.050800000	71.300000000	0.014072000	130.311000000
1000	12.300000000	0.101600000	39.600000000	0.040826800	122.435000000
200	12.600000000	0.152400000	39.600000000	0.058411300	114.750000000
5000	9.900000000	0.152400000	31.700000000	0.025278500	109.949000000
400	12.700000000	0.025400000	39.600000000	0.013025300	125.527000000
2000	0.000000000	0.304800000	31.700000000	0.003312660	122.375000000
2500	0.000000000	0.228600000	31.700000000	0.002723800	123.445000000
1000	12.700000000	0.025400000	71.300000000	0.012180800	131.698000000
1600	12.300000000	0.101600000	71.300000000	0.033779200	124.748000000
10000	0.000000000	0.025400000	55.500000000	0.000412290	134.563000000
630	15.400000000	0.050800000	55.500000000	0.027192500	129.330000000
1250	5.300000000	0.228600000	39.600000000	0.006143290	125.721000000
1600	4.200000000	0.050800000	39.600000000	0.001526890	130.197000000
800	7.300000000	0.228600000	39.600000000	0.012348100	126.299000000
630	0.000000000	0.228600000	39.600000000	0.002535110	128.705000000
1000	15.600000000	0.101600000	71.300000000	0.043725900	124.438000000
250	12.700000000	0.025400000	39.600000000	0.013025300	121.547000000
1600	8.400000000	0.050800000	31.700000000	0.005807760	129.296000000
2000	3.000000000	0.304800000	71.300000000	0.004257270	125.524000000
1000	7.300000000	0.228600000	55.500000000	0.011170600	125.194000000
800	6.700000000	0.101600000	39.600000000	0.005780760	134.625000000
6300	4.800000000	0.025400000	71.300000000	0.000848633	134.498000000
630	0.000000000	0.101600000	71.300000000	0.001210720	124.155000000
1000	0.000000000	0.152400000	31.700000000	0.002094050	130.987000000
1000	2.000000000	0.228600000	31.700000000	0.003723710	130.307000000
5000	2.700000000	0.152400000	71.300000000	0.002438510	124.364000000
2500	9.500000000	0.025400000	31.700000000	0.004613770	130.086000000
1000	12.300000000	0.101600000	71.300000000	0.033779200	127.928000000
500	0.000000000	0.304800000	31.700000000	0.003312660	127.315000000
3150	1.500000000	0.304800000	71.300000000	0.003367290	123.392000000
8000	0.000000000	0.025400000	55.500000000	0.000412290	136.163000000
1000	3.300000000	0.101600000	39.600000000	0.002451380	131.971000000
6300	4.800000000	0.025400000	55.500000000	0.000873218	135.164000000
2000	2.000000000	0.228600000	55.500000000	0.003135250	124.612000000
1600	0.000000000	0.050800000	31.700000000	0.000812164	131.010000000
1250	7.300000000	0.228600000	55.500000000	0.011170600	125.724000000
630	0.000000000	0.304800000	55.500000000	0.002830810	127.696000000
2500	0.000000000	0.101600000	31.700000000	0.001500920	132.003000000
2000	3.300000000	0.101600000	55.500000000	0.002211000	133.649000000
1600	17.400000000	0.025400000	31.700000000	0.017663100	126.846000000
4000	4.000000000	0.228600000	39.600000000	0.004738010	119.159000000
5000	2.000000000	0.228600000	31.700000000	0.003723710	118.267000000
2500	0.000000000	0.101600000	71.300000000	0.001210720	132.595000000
4000	8.900000000	0.101600000	39.600000000	0.012459600	116.220000000
2000	22.200000000	0.025400000	39.600000000	0.022902800	121.256000000
5000	4.000000000	0.228600000	39.600000000	0.004738010	117.649000000
4000	15.400000000	0.050800000	71.300000000	0.026426900	122.675000000
3150	5.300000000	0.228600000	39.600000000	0.006143290	118.441000000
1000	0.000000000	0.050800000	71.300000000	0.000740478	129.450000000
3150	4.000000000	0.228600000	71.300000000	0.004006030	124.108000000
8000	0.000000000	0.101600000	55.500000000	0.001319830	124.450000000
12500	4.000000000	0.228600000	71.300000000	0.004006030	114.258000000
1000	2.000000000	0.228600000	55.500000000	0.003135250	129.002000000
2500	8.900000000	0.101600000	39.600000000	0.012459600	119.190000000
400	3.000000000	0.304800000	55.500000000	0.004524920	126.159000000
4000	0.000000000	0.025400000	31.700000000	0.000439472	137.047000000
400	15.400000000	0.050800000	71.300000000	0.026426900	126.805000000
4000	4.000000000	0.304800000	39.600000000	0.005796360	115.863000000
6300	3.300000000	0.101600000	31.700000000	0.002514350	120.702000000
2500	4.200000000	0.050800000	39.600000000	0.001526890	133.847000000
3150	12.300000000	0.101600000	39.600000000	0.040826800	113.055000000
1250	5.400000000	0.152400000	71.300000000	0.004011990	134.111000000
500	7.300000000	0.228600000	39.600000000	0.012348100	130.299000000
315	3.000000000	0.304800000	31.700000000	0.005295140	123.118000000
500	7.200000000	0.152400000	39.600000000	0.009091750	132.658000000
2500	0.000000000	0.025400000	39.600000000	0.000428464	131.836000000
2500	8.400000000	0.050800000	55.500000000	0.005448540	131.542000000
3150	15.400000000	0.050800000	31.700000000	0.028985300	118.045000000
800	7.200000000	0.152400000	71.300000000	0.007520390	136.023000000
500	12.300000000	0.101600000	55.500000000	0.036823300	133.774000000
3150	15.600000000	0.101600000	39.600000000	0.052848700	109.254000000
6300	3.000000000	0.304800000	71.300000000	0.004257270	116.134000000
3150	8.400000000	0.050800000	55.500000000	0.005448540	128.402000000
1250	17.400000000	0.025400000	31.700000000	0.017663100	128.306000000
4000	3.000000000	0.304800000	55.500000000	0.004524920	118.689000000
2500	0.000000000	0.101600000	39.600000000	0.001463320	132.611000000
315	15.400000000	0.050800000	55.500000000	0.027192500	125.390000000
2000	3.000000000	0.304800000	31.700000000	0.005295140	120.088000000
1250	17.400000000	0.025400000	71.300000000	0.016104000	126.356000000
1600	15.400000000	0.050800000	55.500000000	0.027192500	128.200000000
3150	3.300000000	0.101600000	31.700000000	0.002514350	128.252000000
500	3.000000000	0.304800000	31.700000000	0.005295140	127.548000000
2500	0.000000000	0.228600000	55.500000000	0.002293360	126.540000000
400	0.000000000	0.304800000	39.600000000	0.003101380	124.809000000
1000	0.000000000	0.101600000	71.300000000	0.001210720	128.825000000
5000	0.000000000	0.101600000	55.500000000	0.001319830	128.360000000
2000	9.900000000	0.152400000	55.500000000	0.020843800	119.505000000
4000	3.300000000	0.101600000	31.700000000	0.002514350	124.852000000
4000	19.700000000	0.050800000	39.600000000	0.036484000	108.684000000
2500	4.000000000	0.228600000	71.300000000	0.004006030	124.338000000
2000	0.000000000	0.101600000	31.700000000	0.001500920	133.153000000
800	0.000000000	0.101600000	39.600000000	0.001463320	128.401000000
4000	12.300000000	0.101600000	55.500000000	0.036823300	114.404000000
1250	8.400000000	0.050800000	39.600000000	0.005662290	131.205000000
6300	0.000000000	0.152400000	31.700000000	0.002094050	119.737000000
2000	7.300000000	0.228600000	31.700000000	0.013267200	115.309000000
400	3.000000000	0.304800000	31.700000000	0.005295140	125.398000000
10000	7.200000000	0.152400000	39.600000000	0.009091750	110.868000000
630	9.900000000	0.152400000	71.300000000	0.019300100	129.889000000
1250	9.500000000	0.025400000	71.300000000	0.004206540	131.656000000
4000	5.400000000	0.152400000	55.500000000	0.004332880	119.737000000
2500	2.000000000	0.228600000	31.700000000	0.003723710	121.407000000
6300	0.000000000	0.025400000	39.600000000	0.000428464	136.826000000
5000	4.200000000	0.050800000	39.600000000	0.001526890	129.777000000
250	9.900000000	0.152400000	71.300000000	0.019300100	135.329000000
400	7.200000000	0.152400000	39.600000000	0.009091750	132.118000000
800	9.900000000	0.152400000	39.600000000	0.023332800	126.345000000
400	15.400000000	0.050800000	31.700000000	0.028985300	123.705000000
5000	17.400000000	0.025400000	39.600000000	0.017220600	119.854000000
500	2.000000000	0.228600000	71.300000000	0.002930310	126.486000000
3150	3.300000000	0.101600000	55.500000000	0.002211000	130.629000000
5000	8.900000000	0.101600000	71.300000000	0.010308800	116.723000000
630	2.000000000	0.228600000	31.700000000	0.003723710	129.057000000
4000	0.000000000	0.228600000	71.300000000	0.002143450	125.824000000
500	5.400000000	0.152400000	71.300000000	0.004011990	126.291000000
4000	8.400000000	0.050800000	71.300000000	0.005295140	126.926000000
5000	9.500000000	0.025400000	39.600000000	0.004498210	125.044000000
630	4.000000000	0.228600000	71.300000000	0.004006030	129.038000000
6300	9.500000000	0.025400000	71.300000000	0.004206540	127.246000000
2000	8.400000000	0.050800000	31.700000000	0.005807760	127.686000000
1600	0.000000000	0.101600000	39.600000000	0.001463320	133.261000000
1000	17.400000000	0.025400000	39.600000000	0.017220600	138.274000000
8000	0.000000000	0.101600000	31.700000000	0.001500920	120.193000000
630	3.300000000	0.101600000	31.700000000	0.002514350	128.952000000
1250	7.200000000	0.152400000	71.300000000	0.007520390	132.513000000
8000	2.000000000	0.228600000	71.300000000	0.002930310	115.996000000
630	0.000000000	0.152400000	39.600000000	0.001932870	124.403000000
3150	7.200000000	0.152400000	39.600000000	0.009091750	111.818000000
1250	9.900000000	0.152400000	71.300000000	0.019300100	122.679000000
400	22.200000000	0.025400000	71.300000000	0.021417800	117.927000000
10000	4.000000000	0.304800000	71.300000000	0.004977730	110.905000000
6300	5.300000000	0.228600000	71.300000000	0.005194200	116.920000000
5000	8.400000000	0.050800000	71.300000000	0.005295140	121.146000000
630	1.500000000	0.304800000	39.600000000	0.003921070	128.311000000
2500	4.800000000	0.025400000	71.300000000	0.000848633	130.828000000
4000	12.300000000	0.101600000	31.700000000	0.041875600	108.407000000
3150	9.500000000	0.025400000	31.700000000	0.004613770	128.536000000
6300	9.500000000	0.025400000	39.600000000	0.004498210	120.324000000
4000	0.000000000	0.050800000	39.600000000	0.000791822	135.308000000
4000	5.400000000	0.152400000	71.300000000	0.004011990	121.431000000
1600	9.500000000	0.025400000	55.500000000	0.004328400	133.062000000
3150	4.800000000	0.025400000	55.500000000	0.000873218	132.354000000
800	0.000000000	0.050800000	71.300000000	0.000740478	130.960000000
4000	4.000000000	0.228600000	55.500000000	0.004286200	120.654000000
2000	6.700000000	0.101600000	55.500000000	0.005213900	129.653000000
1600	17.400000000	0.025400000	39.600000000	0.017220600	127.614000000
8000	0.000000000	0.025400000	39.600000000	0.000428464	135.866000000
1250	9.500000000	0.025400000	39.600000000	0.004498210	130.964000000
1600	19.700000000	0.050800000	39.600000000	0.036484000	117.604000000
1600	7.200000000	0.152400000	39.600000000	0.009091750	120.058000000
1250	22.200000000	0.025400000	71.300000000	0.021417800	140.987000000
1000	0.000000000	0.101600000	39.600000000	0.001463320	130.781000000
250	5.300000000	0.228600000	39.600000000	0.006143290	127.011000000
400	12.300000000	0.101600000	71.300000000	0.033779200	139.428000000
3150	0.000000000	0.101600000	31.700000000	0.001500920	129.973000000
1600	4.000000000	0.304800000	71.300000000	0.004977730	126.645000000
500	9.900000000	0.152400000	55.500000000	0.020843800	127.815000000
1250	0.000000000	0.101600000	71.300000000	0.001210720	130.335000000
1250	0.000000000	0.025400000	31.700000000	0.000439472	127.947000000
10000	0.000000000	0.025400000	71.300000000	0.000400682	130.787000000
1250	12.300000000	0.101600000	55.500000000	0.036823300	124.214000000
630	12.700000000	0.025400000	71.300000000	0.012180800	128.878000000
800	5.400000000	0.152400000	71.300000000	0.004011990	131.281000000
1600	11.200000000	0.050800000	39.600000000	0.015047800	126.540000000
3150	3.000000000	0.304800000	39.600000000	0.004957410	118.922000000
1000	0.000000000	0.152400000	39.600000000	0.001932870	130.033000000
2000	4.000000000	0.304800000	71.300000000	0.004977730	124.395000000
6300	0.000000000	0.304800000	55.500000000	0.002830810	117.976000000
630	7.300000000	0.228600000	31.700000000	0.013267200	126.189000000
1250	19.700000000	0.050800000	71.300000000	0.034118300	121.485000000
8000	0.000000000	0.050800000	55.500000000	0.000761930	130.156000000
3150	15.400000000	0.050800000	39.600000000	0.028259300	120.513000000
800	12.600000000	0.152400000	71.300000000	0.048315900	123.054000000
2000	12.700000000	0.025400000	39.600000000	0.013025300	129.567000000
2500	9.500000000	0.025400000	55.500000000	0.004328400	134.152000000
2000	7.300000000	0.228600000	55.500000000	0.011170600	120.354000000
630	2.700000000	0.152400000	71.300000000	0.002438510	127.404000000
1600	8.400000000	0.050800000	55.500000000	0.005448540	133.032000000
12500	4.800000000	0.025400000	71.300000000	0.000848633	127.688000000
5000	3.300000000	0.101600000	31.700000000	0.002514350	122.082000000
2500	0.000000000	0.025400000	31.700000000	0.000439472	132.897000000
8000	0.000000000	0.304800000	31.700000000	0.003312660	110.515000000
500	7.300000000	0.228600000	31.700000000	0.013267200	128.169000000
3150	2.000000000	0.228600000	55.500000000	0.003135250	123.742000000
630	0.000000000	0.101600000	55.500000000	0.001319830	126.170000000
1000	4.800000000	0.025400000	39.600000000	0.000907475	122.956000000
3150	4.000000000	0.304800000	39.600000000	0.005796360	118.743000000
1000	22.200000000	0.025400000	39.600000000	0.022902800	128.416000000
3150	0.000000000	0.050800000	31.700000000	0.000812164	135.490000000
1250	3.000000000	0.304800000	55.500000000	0.004524920	127.329000000
1600	4.000000000	0.228600000	39.600000000	0.004738010	125.319000000
1000	3.300000000	0.101600000	31.700000000	0.002514350	133.012000000
2000	4.000000000	0.228600000	39.600000000	0.004738010	121.659000000
4000	5.300000000	0.228600000	39.600000000	0.006143290	115.801000000
1600	4.000000000	0.304800000	39.600000000	0.005796360	123.213000000
1250	15.400000000	0.050800000	71.300000000	0.026426900	130.845000000
5000	7.200000000	0.152400000	39.600000000	0.009091750	113.288000000
1250	4.000000000	0.304800000	39.600000000	0.005796360	126.343000000
1000	4.000000000	0.304800000	39.600000000	0.005796360	128.723000000
8000	0.000000000	0.050800000	71.300000000	0.000740478	130.890000000
16000	0.000000000	0.152400000	55.500000000	0.001726680	112.803000000
1600	6.700000000	0.101600000	71.300000000	0.004782880	136.678000000
315	15.600000000	0.101600000	71.300000000	0.043725900	133.808000000
8000	3.300000000	0.101600000	39.600000000	0.002451380	118.091000000
630	11.200000000	0.050800000	39.600000000	0.015047800	133.130000000
630	5.300000000	0.228600000	39.600000000	0.006143290	132.011000000
500	15.600000000	0.101600000	39.600000000	0.052848700	115.304000000
6300	2.700000000	0.152400000	39.600000000	0.002948040	119.209000000
400	17.400000000	0.025400000	71.300000000	0.016104000	117.396000000
2000	4.800000000	0.025400000	31.700000000	0.000930789	130.148000000
630	22.200000000	0.025400000	39.600000000	0.022902800	137.026000000
5000	4.000000000	0.228600000	55.500000000	0.004286200	120.034000000
500	0.000000000	0.304800000	39.600000000	0.003101380	126.959000000
6300	17.400000000	0.025400000	71.300000000	0.016104000	119.916000000
500	17.400000000	0.025400000	39.600000000	0.017220600	117.514000000
12500	4.200000000	0.050800000	71.300000000	0.001427880	117.328000000
4000	12.300000000	0.101600000	39.600000000	0.040826800	110.905000000
800	15.600000000	0.101600000	39.600000000	0.052848700	118.964000000
315	17.400000000	0.025400000	55.500000000	0.016570600	111.911000000
1000	12.700000000	0.025400000	39.600000000	0.013025300	130.947000000
630	7.300000000	0.228600000	71.300000000	0.010440400	133.768000000
1600	15.400000000	0.050800000	31.700000000	0.028985300	121.485000000
800	12.300000000	0.101600000	71.300000000	0.033779200	127.318000000
2000	5.400000000	0.152400000	71.300000000	0.004011990	131.111000000
2500	19.700000000	0.050800000	39.600000000	0.036484000	116.184000000
1000	15.400000000	0.050800000	31.700000000	0.028985300	124.525000000
8000	4.800000000	0.025400000	39.600000000	0.000907475	131.346000000
1000	6.700000000	0.101600000	71.300000000	0.004782880	136.758000000
500	4.000000000	0.228600000	55.500000000	0.004286200	127.314000000
2000	4.000000000	0.304800000	39.600000000	0.005796360	120.963000000
1600	0.000000000	0.050800000	39.600000000	0.000791822	130.908000000
250	17.400000000	0.025400000	71.300000000	0.016104000	113.796000000
2500	7.300000000	0.228600000	31.700000000	0.013267200	114.709000000
500	12.300000000	0.101600000	71.300000000	0.033779200	140.158000000
2500	4.800000000	0.025400000	39.600000000	0.000907475	131.236000000
315	9.900000000	0.152400000	39.600000000	0.023332800	128.595000000
8000	2.700000000	0.152400000	39.600000000	0.002948040	116.659000000
16000	0.000000000	0.228600000	71.300000000	0.002143450	114.984000000
800	0.000000000	0.304800000	55.500000000	0.002830810	128.086000000
4000	8.400000000	0.050800000	39.600000000	0.005662290	118.955000000
4000	9.500000000	0.025400000	31.700000000	0.004613770	126.736000000
1000	9.500000000	0.025400000	39.600000000	0.004498210	130.374000000
630	8.900000000	0.101600000	39.600000000	0.012459600	131.920000000
1000	12.300000000	0.101600000	31.700000000	0.041875600	119.777000000
10000	0.000000000	0.101600000	39.600000000	0.001463320	119.561000000
12500	0.000000000	0.025400000	71.300000000	0.000400682	133.207000000
2000	8.900000000	0.101600000	71.300000000	0.010308800	124.233000000
630	4.000000000	0.304800000	39.600000000	0.005796360	131.073000000
1000	5.300000000	0.228600000	39.600000000	0.006143290	125.581000000
1000	9.500000000	0.025400000	71.300000000	0.004206540	129.556000000
6300	1.500000000	0.304800000	39.600000000	0.003921070	114.751000000
630	0.000000000	0.101600000	31.700000000	0.001500920	126.413000000
3150	0.000000000	0.228600000	31.700000000	0.002723800	123.445000000
315	1.500000000	0.304800000	39.600000000	0.003921070	121.851000000
6300	3.000000000	0.304800000	55.500000000	0.004524920	115.679000000
800	5.400000000	0.152400000	31.700000000	0.005254740	131.491000000
20000	4.800000000	0.025400000	71.300000000	0.000848633	119.708000000
2000	4.800000000	0.025400000	71.300000000	0.000848633	128.398000000
3150	4.000000000	0.228600000	39.600000000	0.004738010	120.419000000
3150	9.500000000	0.025400000	71.300000000	0.004206540	136.166000000
2000	2.700000000	0.152400000	71.300000000	0.002438510	130.114000000
8000	3.000000000	0.304800000	71.300000000	0.004257270	114.634000000
315	12.600000000	0.152400000	71.300000000	0.048315900	128.484000000
800	3.000000000	0.304800000	71.300000000	0.004257270	129.494000000
4000	9.900000000	0.152400000	39.600000000	0.023332800	112.265000000
4000	12.300000000	0.101600000	71.300000000	0.033779200	118.018000000
1250	12.300000000	0.101600000	31.700000000	0.041875600	118.767000000
6300	3.300000000	0.101600000	55.500000000	0.002211000	123.839000000
250	8.900000000	0.101600000	39.600000000	0.012459600	134.340000000
500	0.000000000	0.228600000	31.700000000	0.002723800	126.675000000
315	19.700000000	0.050800000	71.300000000	0.034118300	121.235000000
1250	0.000000000	0.228600000	55.500000000	0.002293360	127.910000000
4000	7.300000000	0.228600000	71.300000000	0.010440400	119.208000000
2500	0.000000000	0.304800000	71.300000000	0.002663370	125.571000000
8000	4.000000000	0.304800000	71.300000000	0.004977730	113.665000000
2500	1.500000000	0.304800000	71.300000000	0.003367290	124.512000000
1600	5.400000000	0.152400000	55.500000000	0.004332880	130.567000000
1250	3.300000000	0.101600000	55.500000000	0.002211000	132.769000000
2000	0.000000000	0.101600000	55.500000000	0.001319830	132.540000000
400	15.400000000	0.050800000	39.600000000	0.028259300	125.353000000
3150	22.200000000	0.025400000	39.600000000	0.022902800	120.856000000
200	15.400000000	0.050800000	31.700000000	0.028985300	119.975000000
800	3.300000000	0.101600000	31.700000000	0.002514350	131.362000000
4000	2.700000000	0.152400000	39.600000000	0.002948040	121.889000000
400	4.000000000	0.228600000	55.500000000	0.004286200	123.274000000
400	5.400000000	0.152400000	39.600000000	0.004850290	127.637000000
3150	11.200000000	0.050800000	39.600000000	0.015047800	119.670000000
6300	0.000000000	0.050800000	55.500000000	0.000761930	132.796000000
8000	15.400000000	0.050800000	71.300000000	0.026426900	112.675000000
2000	0.000000000	0.025400000	31.700000000	0.000439472	130.697000000
2500	6.700000000	0.101600000	55.500000000	0.005213900	124.273000000
800	0.000000000	0.304800000	71.300000000	0.002663370	126.201000000
16000	0.000000000	0.025400000	71.300000000	0.000400682	130.477000000
2500	2.000000000	0.228600000	55.500000000	0.003135250	123.862000000
2500	12.300000000	0.101600000	39.600000000	0.040826800	113.315000000
630	0.000000000	0.304800000	39.600000000	0.003101380	128.629000000
4000	2.000000000	0.228600000	71.300000000	0.002930310	124.086000000
630	4.800000000	0.025400000	31.700000000	0.000930789	120.078000000
6300	0.000000000	0.025400000	31.700000000	0.000439472	138.537000000
315	15.600000000	0.101600000	39.600000000	0.052848700	122.754000000
6300	5.400000000	0.152400000	39.600000000	0.004850290	116.677000000
20000	0.000000000	0.025400000	55.500000000	0.000412290	121.933000000
2000	1.500000000	0.304800000	39.600000000	0.003921070	122.101000000
6300	0.000000000	0.050800000	71.300000000	0.000740478	133.040000000
1600	9.900000000	0.152400000	55.500000000	0.020843800	119.875000000
1000	11.200000000	0.050800000	39.600000000	0.015047800	132.430000000
5000	7.300000000	0.228600000	39.600000000	0.012348100	111.959000000
800	0.000000000	0.228600000	39.600000000	0.002535110	130.205000000
500	9.900000000	0.152400000	71.300000000	0.019300100	131.279000000
800	0.000000000	0.304800000	39.600000000	0.003101380	129.099000000
3150	19.700000000	0.050800000	71.300000000	0.034118300	116.225000000
2500	0.000000000	0.101600000	55.500000000	0.001319830	133.040000000
1000	5.400000000	0.152400000	55.500000000	0.004332880	132.127000000
400	0.000000000	0.228600000	31.700000000	0.002723800	123.635000000
5000	15.400000000	0.050800000	55.500000000	0.027192500	117.110000000
315	17.400000000	0.025400000	31.700000000	0.017663100	118.416000000
1000	5.400000000	0.152400000	71.300000000	0.004011990	133.201000000
2500	1.500000000	0.304800000	39.600000000	0.003921070	120.981000000
2500	8.400000000	0.050800000	31.700000000	0.005807760	125.576000000
4000	9.500000000	0.025400000	55.500000000	0.004328400	131.582000000
1250	4.000000000	0.228600000	31.700000000	0.005090680	128.119000000
2500	8.400000000	0.050800000	39.600000000	0.005662290	127.465000000
1250	15.600000000	0.101600000	71.300000000	0.043725900	123.178000000
2000	3.300000000	0.101600000	39.600000000	0.002451380	132.301000000
1000	0.000000000	0.152400000	71.300000000	0.001598800	127.307000000
4000	0.000000000	0.228600000	31.700000000	0.002723800	122.035000000
2500	12.700000000	0.025400000	39.600000000	0.013025300	129.027000000
2500	15.600000000	0.101600000	39.600000000	0.052848700	110.264000000
2500	0.000000000	0.050800000	55.500000000	0.000761930	133.956000000
2000	9.500000000	0.025400000	55.500000000	0.004328400	134.052000000
315	0.000000000	0.304800000	31.700000000	0.003312660	122.765000000
4000	9.500000000	0.025400000	71.300000000	0.004206540	134.236000000
800	6.700000000	0.101600000	31.700000000	0.005929270	132.886000000
10000	0.000000000	0.228600000	71.300000000	0.002143450	118.134000000
10000	3.300000000	0.101600000	39.600000000	0.002451380	115.321000000
1250	0.000000000	0.101600000	31.700000000	0.001500920	133.063000000
5000	0.000000000	0.152400000	31.700000000	0.002094050	122.397000000
4000	9.900000000	0.152400000	55.500000000	0.020843800	112.945000000
1000	11.200000000	0.050800000	71.300000000	0.014072000	136.941000000
4000	0.000000000	0.228600000	39.600000000	0.002535110	123.465000000
1000	0.000000000	0.101600000	31.700000000	0.001500920	131.313000000
4000	12.600000000	0.152400000	71.300000000	0.048315900	108.034000000
10000	4.000000000	0.228600000	71.300000000	0.004006030	113.108000000
6300	22.200000000	0.025400000	71.300000000	0.021417800	123.127000000
8000	7.200000000	0.152400000	71.300000000	0.007520390	113.333000000
1600	3.000000000	0.304800000	31.700000000	0.005295140	122.088000000
1000	7.200000000	0.152400000	39.600000000	0.009091750	128.338000000
315	4.000000000	0.228600000	39.600000000	0.004738010	122.229000000
1000	5.300000000	0.228600000	71.300000000	0.005194200	134.000000000
630	3.000000000	0.304800000	31.700000000	0.005295140	128.698000000
1600	0.000000000	0.228600000	39.600000000	0.002535110	127.095000000
1600	3.300000000	0.101600000	71.300000000	0.002028220	133.664000000
3150	2.700000000	0.152400000	39.600000000	0.002948040	122.919000000
2000	0.000000000	0.101600000	39.600000000	0.001463320	133.251000000
5000	0.000000000	0.152400000	71.300000000	0.001598800	126.457000000
5000	0.000000000	0.050800000	55.500000000	0.000761930	134.556000000
8000	4.200000000	0.050800000	71.300000000	0.001427880	125.268000000
12500	0.000000000	0.025400000	39.600000000	0.000428464	129.116000000
1250	11.200000000	0.050800000	39.600000000	0.015047800	130.050000000
200	22.200000000	0.025400000	39.600000000	0.022902800	116.066000000
3150	22.200000000	0.025400000	71.300000000	0.021417800	124.127000000
500	4.000000000	0.228600000	31.700000000	0.005090680	128.939000000
4000	3.300000000	0.101600000	39.600000000	0.002451380	124.881000000
800	17.400000000	0.025400000	39.600000000	0.017220600	135.324000000
1250	8.900000000	0.101600000	39.600000000	0.012459600	127.710000000
1600	8.900000000	0.101600000	71.300000000	0.010308800	128.763000000
2000	15.400000000	0.050800000	55.500000000	0.027192500	127.040000000
630	0.000000000	0.228600000	55.500000000	0.002293360	126.160000000
630	2.000000000	0.228600000	71.300000000	0.002930310	127.356000000
2500	12.700000000	0.025400000	71.300000000	0.012180800	134.058000000
4000	0.000000000	0.304800000	31.700000000	0.003312660	118.145000000
400	12.300000000	0.101600000	31.700000000	0.041875600	123.207000000
400	15.600000000	0.101600000	39.600000000	0.052848700	120.484000000
2000	12.600000000	0.152400000	39.600000000	0.058411300	109.520000000
630	12.300000000	0.101600000	39.600000000	0.040826800	121.315000000
2000	0.000000000	0.152400000	39.600000000	0.001932870	129.633000000
6300	0.000000000	0.152400000	71.300000000	0.001598800	125.427000000
1250	15.400000000	0.050800000	39.600000000	0.028259300	126.743000000
8000	4.000000000	0.228600000	71.300000000	0.004006030	112.848000000
2000	6.700000000	0.101600000	39.600000000	0.005780760	122.235000000
10000	0.000000000	0.050800000	55.500000000	0.000761930	127.636000000
1000	0.000000000	0.228600000	55.500000000	0.002293360	128.290000000
4000	15.600000000	0.101600000	71.300000000	0.043725900	113.298000000
800	22.200000000	0.025400000	39.600000000	0.022902800	137.076000000
315	12.700000000	0.025400000	39.600000000	0.013025300	123.537000000
1000	0.000000000	0.228600000	31.700000000	0.002723800	130.595000000
3150	0.000000000	0.152400000	71.300000000	0.001598800	129.377000000
315	7.300000000	0.228600000	31.700000000	0.013267200	130.239000000
1600	6.700000000	0.101600000	31.700000000	0.005929270	124.346000000
1000	7.300000000	0.228600000	71.300000000	0.010440400	126.838000000
800	0.000000000	0.152400000	55.500000000	0.001726680	126.713000000
20000	0.000000000	0.228600000	71.300000000	0.002143450	114.474000000
500	3.000000000	0.304800000	39.600000000	0.004957410	127.632000000
2500	3.000000000	0.304800000	71.300000000	0.004257270	124.024000000
2000	8.400000000	0.050800000	71.300000000	0.005295140	134.476000000
500	7.200000000	0.152400000	71.300000000	0.007520390	132.043000000
400	19.700000000	0.050800000	71.300000000	0.034118300	123.865000000
2500	6.700000000	0.101600000	71.300000000	0.004782880	131.458000000
2000	12.300000000	0.101600000	39.600000000	0.040826800	114.085000000
800	3.000000000	0.304800000	39.600000000	0.004957410	129.552000000
500	9.500000000	0.025400000	31.700000000	0.004613770	126.886000000
3150	5.300000000	0.228600000	71.300000000	0.005194200	123.120000000
2000	19.700000000	0.050800000	71.300000000	0.034118300	120.055000000
315	2.000000000	0.228600000	31.700000000	0.003723710	120.147000000
400	12.600000000	0.152400000	71.300000000	0.048315900	127.094000000
500	4.800000000	0.025400000	39.600000000	0.000907475	116.366000000
1600	3.000000000	0.304800000	39.600000000	0.004957410	122.782000000
10000	2.000000000	0.228600000	71.300000000	0.002930310	113.086000000
1000	1.500000000	0.304800000	71.300000000	0.003367290	125.992000000
3150	0.000000000	0.050800000	71.300000000	0.000740478	135.070000000
6300	2.000000000	0.228600000	31.700000000	0.003723710	115.137000000
1000	3.300000000	0.101600000	71.300000000	0.002028220	131.434000000
10000	3.300000000	0.101600000	55.500000000	0.002211000	115.659000000
630	15.600000000	0.101600000	39.600000000	0.052848700	118.084000000
2000	0.000000000	0.304800000	55.500000000	0.002830810	126.616000000
630	4.000000000	0.228600000	39.600000000	0.004738010	129.579000000
800	15.400000000	0.050800000	31.700000000	0.028985300	125.555000000
2500	12.600000000	0.152400000	71.300000000	0.048315900	115.234000000
2000	2.000000000	0.228600000	39.600000000	0.003465740	122.797000000
800	8.400000000	0.050800000	39.600000000	0.005662290	128.435000000
4000	0.000000000	0.101600000	31.700000000	0.001500920	126.933000000
630	19.700000000	0.050800000	71.300000000	0.034118300	128.365000000
800	0.000000000	0.101600000	71.300000000	0.001210720	126.805000000
1000	19.700000000	0.050800000	39.600000000	0.036484000	118.904000000
4000	5.400000000	0.152400000	39.600000000	0.004850290	117.137000000
4000	15.400000000	0.050800000	39.600000000	0.028259300	118.113000000
315	9.500000000	0.025400000	39.600000000	0.004498210	119.294000000
12500	1.500000000	0.304800000	39.600000000	0.003921070	106.111000000
5000	3.300000000	0.101600000	39.600000000	0.002451380	122.371000000
200	9.900000000	0.152400000	71.300000000	0.019300100	134.319000000
2500	15.400000000	0.050800000	31.700000000	0.028985300	119.945000000
1000	0.000000000	0.304800000	71.300000000	0.002663370	125.201000000
5000	0.000000000	0.228600000	39.600000000	0.002535110	122.175000000
1600	5.400000000	0.152400000	31.700000000	0.005254740	123.761000000
500	12.700000000	0.025400000	39.600000000	0.013025300	127.127000000
1600	9.500000000	0.025400000	71.300000000	0.004206540	133.756000000
630	12.300000000	0.101600000	31.700000000	0.041875600	119.287000000
3150	8.900000000	0.101600000	39.600000000	0.012459600	119.350000000
12500	0.000000000	0.152400000	55.500000000	0.001726680	117.093000000
500	5.300000000	0.228600000	71.300000000	0.005194200	129.880000000
4000	0.000000000	0.228600000	55.500000000	0.002293360	123.410000000
1000	6.700000000	0.101600000	31.700000000	0.005929270	131.636000000
1000	8.400000000	0.050800000	39.600000000	0.005662290	130.195000000
2500	12.300000000	0.101600000	55.500000000	0.036823300	117.054000000
630	6.700000000	0.101600000	71.300000000	0.004782880	131.448000000
250	12.300000000	0.101600000	39.600000000	0.040826800	129.675000000
2000	19.700000000	0.050800000	39.600000000	0.036484000	117.724000000
2500	4.000000000	0.228600000	39.600000000	0.004738010	119.649000000
1000	3.300000000	0.101600000	55.500000000	0.002211000	131.129000000
5000	4.800000000	0.025400000	39.600000000	0.000907475	135.426000000
6300	7.200000000	0.152400000	39.600000000	0.009091750	112.688000000
2500	12.600000000	0.152400000	39.600000000	0.058411300	106.880000000
5000	7.300000000	0.228600000	71.300000000	0.010440400	115.298000000
8000	0.000000000	0.152400000	31.700000000	0.002094050	117.957000000
5000	0.000000000	0.152400000	55.500000000	0.001726680	125.203000000
500	7.300000000	0.228600000	71.300000000	0.010440400	136.798000000
1600	9.500000000	0.025400000	39.600000000	0.004498210	131.184000000
5000	0.000000000	0.228600000	71.300000000	0.002143450	124.304000000
630	11.200000000	0.050800000	71.300000000	0.014072000	133.611000000
1250	9.900000000	0.152400000	31.700000000	0.025278500	118.619000000
10000	0.000000000	0.025400000	39.600000000	0.000428464	133.376000000
800	3.000000000	0.304800000	55.500000000	0.004524920	129.949000000
250	0.000000000	0.304800000	31.700000000	0.003312660	118.595000000
800	2.000000000	0.228600000	39.600000000	0.003465740	129.037000000
1000	17.400000000	0.025400000	55.500000000	0.016570600	126.001000000
1250	3.300000000	0.101600000	39.600000000	0.002451380	133.211000000
6300	0.000000000	0.152400000	55.500000000	0.001726680	123.303000000
1600	1.500000000	0.304800000	39.600000000	0.003921070	122.211000000
5000	1.500000000	0.304800000	39.600000000	0.003921070	116.241000000
2000	17.400000000	0.025400000	31.700000000	0.017663100	124.356000000
8000	0.000000000	0.304800000	71.300000000	0.002663370	117.151000000
2000	6.700000000	0.101600000	31.700000000	0.005929270	120.446000000
1000	0.000000000	0.050800000	31.700000000	0.000812164	126.780000000
200	9.900000000	0.152400000	31.700000000	0.025278500	127.299000000
200	7.300000000	0.228600000	71.300000000	0.010440400	138.758000000
2500	12.300000000	0.101600000	71.300000000	0.033779200	121.318000000
3150	4.000000000	0.228600000	31.700000000	0.005090680	120.229000000
1250	3.000000000	0.304800000	39.600000000	0.004957410	125.802000000
6300	3.300000000	0.101600000	39.600000000	0.002451380	120.851000000
400	17.400000000	0.025400000	39.600000000	0.017220600	115.444000000
800	12.300000000	0.101600000	55.500000000	0.036823300	125.114000000
500	8.400000000	0.050800000	39.600000000	0.005662290	122.905000000
500	9.500000000	0.025400000	39.600000000	0.004498210	123.894000000
12500	0.000000000	0.304800000	71.300000000	0.002663370	112.241000000
1250	0.000000000	0.152400000	39.600000000	0.001932870	131.023000000
250	15.400000000	0.050800000	55.500000000	0.027192500	124.170000000
1000	1.500000000	0.304800000	39.600000000	0.003921070	127.581000000
1000	5.400000000	0.152400000	31.700000000	0.005254740	128.241000000
5000	9.500000000	0.025400000	55.500000000	0.004328400	128.412000000
400	19.700000000	0.050800000	39.600000000	0.036484000	130.614000000
3150	4.800000000	0.025400000	39.600000000	0.000907475	133.436000000
4000	7.200000000	0.152400000	39.600000000	0.009091750	114.258000000
400	2.000000000	0.228600000	71.300000000	0.002930310	125.116000000
800	4.800000000	0.025400000	39.600000000	0.000907475	120.766000000
1000	0.000000000	0.152400000	55.500000000	0.001726680	128.583000000
3150	3.000000000	0.304800000	55.500000000	0.004524920	120.189000000
8000	3.300000000	0.101600000	71.300000000	0.002028220	121.234000000
500	2.000000000	0.228600000	31.700000000	0.003723710	126.677000000
250	11.200000000	0.050800000	71.300000000	0.014072000	127.101000000
1600	22.200000000	0.025400000	39.600000000	0.022902800	122.216000000
400	5.300000000	0.228600000	71.300000000	0.005194200	127.700000000
4000	0.000000000	0.101600000	55.500000000	0.001319830	129.500000000
8000	0.000000000	0.304800000	39.600000000	0.003101380	114.779000000
12500	0.000000000	0.025400000	31.700000000	0.000439472	128.977000000
4000	4.200000000	0.050800000	71.300000000	0.001427880	133.598000000
1250	4.000000000	0.304800000	71.300000000	0.004977730	129.395000000
1250	0.000000000	0.228600000	71.300000000	0.002143450	128.144000000
250	4.000000000	0.304800000	39.600000000	0.005796360	123.543000000
1000	7.300000000	0.228600000	31.700000000	0.013267200	119.099000000
6300	9.900000000	0.152400000	55.500000000	0.020843800	110.555000000
400	9.500000000	0.025400000	31.700000000	0.004613770	124.756000000
2000	0.000000000	0.152400000	55.500000000	0.001726680	129.673000000
1600	7.300000000	0.228600000	39.600000000	0.012348100	121.059000000
315	4.000000000	0.304800000	39.600000000	0.005796360	126.843000000
250	15.400000000	0.050800000	31.700000000	0.028985300	121.225000000
630	2.700000000	0.152400000	39.600000000	0.002948040	125.809000000
1250	22.200000000	0.025400000	39.600000000	0.022902800	126.446000000
1600	3.000000000	0.304800000	71.300000000	0.004257270	126.514000000
200	19.700000000	0.050800000	71.300000000	0.034118300	118.005000000
1600	0.000000000	0.025400000	31.700000000	0.000439472	129.267000000
200	0.000000000	0.304800000	39.600000000	0.003101380	118.129000000
1250	4.200000000	0.050800000	39.600000000	0.001526890	128.427000000
1000	9.900000000	0.152400000	39.600000000	0.023332800	123.835000000
12500	0.000000000	0.050800000	71.300000000	0.000740478	125.220000000
20000	4.800000000	0.025400000	55.500000000	0.000873218	121.284000000
400	8.900000000	0.101600000	39.600000000	0.012459600	135.540000000
5000	0.000000000	0.050800000	39.600000000	0.000791822	134.308000000
3150	4.800000000	0.025400000	71.300000000	0.000848633	133.378000000
800	15.400000000	0.050800000	71.300000000	0.026426900	131.515000000
3150	0.000000000	0.304800000	71.300000000	0.002663370	125.201000000
1250	9.500000000	0.025400000	31.700000000	0.004613770	131.446000000
3150	12.700000000	0.025400000	71.300000000	0.012180800	133.758000000
2500	0.000000000	0.152400000	71.300000000	0.001598800	128.127000000
5000	0.000000000	0.304800000	55.500000000	0.002830810	119.606000000
500	1.500000000	0.304800000	39.600000000	0.003921070	126.661000000
1600	3.300000000	0.101600000	31.700000000	0.002514350	133.402000000
1600	0.000000000	0.101600000	71.300000000	0.001210720	131.725000000
2500	4.000000000	0.304800000	71.300000000	0.004977730	123.775000000
6300	5.400000000	0.152400000	31.700000000	0.005254740	115.591000000
2500	0.000000000	0.304800000	39.600000000	0.003101380	121.399000000
500	4.800000000	0.025400000	31.700000000	0.000930789	116.128000000
5000	4.800000000	0.025400000	55.500000000	0.000873218	135.484000000
315	8.900000000	0.101600000	71.300000000	0.010308800	136.583000000
1600	9.500000000	0.025400000	31.700000000	0.004613770	131.036000000
1000	4.000000000	0.228600000	39.600000000	0.004738010	129.969000000
10000	2.700000000	0.152400000	39.600000000	0.002948040	112.589000000
12500	0.000000000	0.101600000	71.300000000	0.001210720	119.375000000
500	6.700000000	0.101600000	55.500000000	0.005213900	129.343000000
4000	0.000000000	0.025400000	39.600000000	0.000428464	135.346000000
630	5.400000000	0.152400000	55.500000000	0.004332880	131.807000000
5000	5.400000000	0.152400000	31.700000000	0.005254740	115.691000000
5000	22.200000000	0.025400000	39.600000000	0.022902800	118.816000000
10000	12.700000000	0.025400000	39.600000000	0.013025300	116.017000000
2500	0.000000000	0.304800000	31.700000000	0.003312660	120.755000000
800	9.900000000	0.152400000	31.700000000	0.025278500	125.539000000
800	9.500000000	0.025400000	55.500000000	0.004328400	128.082000000
6300	4.000000000	0.228600000	71.300000000	0.004006030	118.618000000
10000	4.800000000	0.025400000	55.500000000	0.000873218	126.944000000
200	17.400000000	0.025400000	55.500000000	0.016570600	109.951000000
800	7.300000000	0.228600000	31.700000000	0.013267200	123.209000000
2500	2.000000000	0.228600000	39.600000000	0.003465740	121.397000000
500	0.000000000	0.304800000	55.500000000	0.002830810	126.416000000
315	12.300000000	0.101600000	71.300000000	0.033779200	137.068000000
800	1.500000000	0.304800000	39.600000000	0.003921070	128.831000000
2500	0.000000000	0.050800000	71.300000000	0.000740478	131.310000000
4000	9.900000000	0.152400000	71.300000000	0.019300100	115.079000000
6300	12.600000000	0.152400000	71.300000000	0.048315900	107.284000000
6300	4.200000000	0.050800000	39.600000000	0.001526890	125.717000000
2000	9.900000000	0.152400000	31.700000000	0.025278500	116.859000000
1600	5.400000000	0.152400000	39.600000000	0.004850290	126.267000000
3150	12.600000000	0.152400000	71.300000000	0.048315900	113.334000000
400	2.000000000	0.228600000	39.600000000	0.003465740	122.147000000
2500	4.800000000	0.025400000	55.500000000	0.000873218	129.144000000
2500	22.200000000	0.025400000	71.300000000	0.021417800	126.097000000
4000	0.000000000	0.304800000	71.300000000	0.002663370	123.061000000
5000	0.000000000	0.050800000	71.300000000	0.000740478	134.430000000
1000	19.700000000	0.050800000	71.300000000	0.034118300	121.885000000
6300	0.000000000	0.101600000	31.700000000	0.001500920	124.253000000
800	15.400000000	0.050800000	39.600000000	0.028259300	128.423000000
2000	0.000000000	0.304800000	39.600000000	0.003101380	123.689000000
250	9.500000000	0.025400000	39.600000000	0.004498210	116.924000000
200	7.300000000	0.228600000	55.500000000	0.011170600	135.234000000
3150	5.400000000	0.152400000	31.700000000	0.005254740	118.291000000
10000	3.300000000	0.101600000	71.300000000	0.002028220	116.694000000
3150	0.000000000	0.025400000	39.600000000	0.000428464	133.276000000
1250	12.300000000	0.101600000	39.600000000	0.040826800	121.165000000
4000	0.000000000	0.152400000	31.700000000	0.002094050	123.807000000
20000	4.000000000	0.228600000	71.300000000	0.004006030	109.638000000
5000	15.400000000	0.050800000	71.300000000	0.026426900	119.135000000
4000	0.000000000	0.304800000	39.600000000	0.003101380	119.229000000
1600	9.900000000	0.152400000	31.700000000	0.025278500	117.119000000
1250	2.700000000	0.152400000	39.600000000	0.002948040	130.829000000
4000	0.000000000	0.025400000	55.500000000	0.000412290	133.223000000
4000	4.000000000	0.304800000	71.300000000	0.004977730	119.535000000
800	19.700000000	0.050800000	39.600000000	0.036484000	119.174000000
5000	5.400000000	0.152400000	71.300000000	0.004011990	120.061000000
4000	2.000000000	0.228600000	31.700000000	0.003723710	120.527000000
1250	9.900000000	0.152400000	55.500000000	0.020843800	121.635000000
4000	3.300000000	0.101600000	55.500000000	0.002211000	127.229000000
5000	2.700000000	0.152400000	39.600000000	0.002948040	121.499000000
4000	4.800000000	0.025400000	39.600000000	0.000907475	134.996000000
315	0.000000000	0.228600000	39.600000000	0.002535110	121.055000000
250	15.600000000	0.101600000	71.300000000	0.043725900	132.158000000
1600	2.700000000	0.152400000	71.300000000	0.002438510	130.644000000
4000	12.600000000	0.152400000	39.600000000	0.058411300	104.500000000
630	9.500000000	0.025400000	55.500000000	0.004328400	125.452000000
1250	2.700000000	0.152400000	71.300000000	0.002438510	130.144000000
800	4.000000000	0.228600000	31.700000000	0.005090680	130.869000000
400	9.900000000	0.152400000	31.700000000	0.025278500	128.939000000
6300	5.400000000	0.152400000	55.500000000	0.004332880	117.287000000
6300	4.200000000	0.050800000	71.300000000	0.001427880	129.308000000
3150	17.400000000	0.025400000	31.700000000	0.017663100	123.466000000
5000	2.000000000	0.228600000	71.300000000	0.002930310	122.816000000
5000	4.800000000	0.025400000	31.700000000	0.000930789	135.248000000
1250	19.700000000	0.050800000	39.600000000	0.036484000	118.634000000
1600	0.000000000	0.101600000	31.700000000	0.001500920	133.553000000
800	3.300000000	0.101600000	39.600000000	0.002451380	129.991000000
2000	8.400000000	0.050800000	55.500000000	0.005448540	133.042000000
400	5.300000000	0.228600000	39.600000000	0.006143290	131.221000000
800	9.900000000	0.152400000	55.500000000	0.020843800	126.565000000
1600	15.600000000	0.101600000	71.300000000	0.043725900	121.528000000
1250	8.400000000	0.050800000	31.700000000	0.005807760	130.156000000
6300	4.000000000	0.228600000	55.500000000	0.004286200	117.154000000
6300	12.700000000	0.025400000	71.300000000	0.012180800	125.398000000
400	0.000000000	0.304800000	31.700000000	0.003312660	125.045000000
630	17.400000000	0.025400000	71.300000000	0.016104000	122.606000000
1250	8.400000000	0.050800000	71.300000000	0.005295140	132.086000000
800	12.700000000	0.025400000	39.600000000	0.013025300	130.217000000
5000	12.300000000	0.101600000	39.600000000	0.040826800	108.625000000
1250	6.700000000	0.101600000	39.600000000	0.005780760	132.395000000
400	9.500000000	0.025400000	55.500000000	0.004328400	120.952000000
500	19.700000000	0.050800000	71.300000000	0.034118300	126.995000000
630	7.200000000	0.152400000	71.300000000	0.007520390	134.853000000
2000	7.200000000	0.152400000	71.300000000	0.007520390	128.643000000
6300	15.400000000	0.050800000	55.500000000	0.027192500	112.930000000
1600	9.900000000	0.152400000	39.600000000	0.023332800	118.545000000
1600	0.000000000	0.101600000	55.500000000	0.001319830	132.050000000
315	5.400000000	0.152400000	39.600000000	0.004850290	125.347000000
3150	0.000000000	0.228600000	39.600000000	0.002535110	124.625000000
2500	7.200000000	0.152400000	39.600000000	0.009091750	117.478000000
630	3.000000000	0.304800000	39.600000000	0.004957410	129.292000000
2500	15.400000000	0.050800000	71.300000000	0.026426900	127.625000000
1000	2.700000000	0.152400000	71.300000000	0.002438510	128.774000000
1600	0.000000000	0.152400000	55.500000000	0.001726680	130.183000000
4000	4.000000000	0.228600000	31.700000000	0.005090680	118.859000000
3150	2.000000000	0.228600000	39.600000000	0.003465740	121.627000000
200	19.700000000	0.050800000	39.600000000	0.036484000	125.974000000
200	15.400000000	0.050800000	55.500000000	0.027192500	122.940000000
1250	15.600000000	0.101600000	39.600000000	0.052848700	118.214000000
1000	4.000000000	0.228600000	31.700000000	0.005090680	129.869000000
6300	0.000000000	0.304800000	39.600000000	0.003101380	116.229000000
400	22.200000000	0.025400000	39.600000000	0.022902800	123.416000000
10000	0.000000000	0.304800000	39.600000000	0.003101380	112.139000000
500	2.000000000	0.228600000	39.600000000	0.003465740	125.157000000
1250	4.000000000	0.228600000	71.300000000	0.004006030	131.718000000
400	12.700000000	0.025400000	71.300000000	0.012180800	125.048000000
400	0.000000000	0.228600000	39.600000000	0.002535110	123.565000000
4000	0.000000000	0.152400000	71.300000000	0.001598800	128.857000000
2500	8.900000000	0.101600000	71.300000000	0.010308800	123.623000000
400	5.400000000	0.152400000	31.700000000	0.005254740	127.781000000
16000	2.700000000	0.152400000	71.300000000	0.002438510	110.364000000
500	17.400000000	0.025400000	55.500000000	0.016570600	119.621000000
400	3.000000000	0.304800000	71.300000000	0.004257270	127.564000000
5000	4.200000000	0.050800000	71.300000000	0.001427880	132.828000000
500	15.400000000	0.050800000	71.300000000	0.026426900	127.285000000
4000	22.200000000	0.025400000	71.300000000	0.021417800	123.917000000
1600	0.000000000	0.228600000	71.300000000	0.002143450	129.134000000
250	15.400000000	0.050800000	71.300000000	0.026426900	124.835000000
1000	0.000000000	0.304800000	39.600000000	0.003101380	127.899000000
250	7.300000000	0.228600000	71.300000000	0.010440400	139.918000000
1250	0.000000000	0.152400000	55.500000000	0.001726680	129.953000000
2000	11.200000000	0.050800000	71.300000000	0.014072000	133.311000000
2000	7.300000000	0.228600000	39.600000000	0.012348100	117.809000000
500	22.200000000	0.025400000	71.300000000	0.021417800	117.967000000
500	15.400000000	0.050800000	31.700000000	0.028985300	123.695000000
800	17.400000000	0.025400000	55.500000000	0.016570600	123.091000000
1000	15.400000000	0.050800000	71.300000000	0.026426900	131.865000000
1000	3.000000000	0.304800000	71.300000000	0.004257270	129.004000000
1250	3.300000000	0.101600000	71.300000000	0.002028220	132.304000000
2500	9.900000000	0.152400000	31.700000000	0.025278500	114.729000000
250	7.300000000	0.228600000	55.500000000	0.011170600	136.384000000
500	0.000000000	0.152400000	31.700000000	0.002094050	121.617000000
1000	4.200000000	0.050800000	39.600000000	0.001526890	125.647000000
2500	5.400000000	0.152400000	31.700000000	0.005254740	119.151000000
5000	1.500000000	0.304800000	71.300000000	0.003367290	119.632000000
6300	0.000000000	0.228600000	55.500000000	0.002293360	118.410000000
1000	9.900000000	0.152400000	55.500000000	0.020843800	124.665000000
1000	12.300000000	0.101600000	55.500000000	0.036823300	125.484000000
630	0.000000000	0.101600000	39.600000000	0.001463320	125.401000000
1000	2.000000000	0.228600000	71.300000000	0.002930310	128.956000000
6300	2.000000000	0.228600000	71.300000000	0.002930310	120.786000000
4000	0.000000000	0.050800000	55.500000000	0.000761930	134.946000000
800	12.600000000	0.152400000	39.600000000	0.058411300	116.560000000
800	1.500000000	0.304800000	71.300000000	0.003367290	127.122000000
315	3.000000000	0.304800000	39.600000000	0.004957410	123.312000000
1000	8.900000000	0.101600000	71.300000000	0.010308800	135.433000000
1250	0.000000000	0.228600000	39.600000000	0.002535110	129.395000000
800	6.700000000	0.101600000	55.500000000	0.005213900	135.953000000
3150	17.400000000	0.025400000	71.300000000	0.016104000	126.536000000
3150	8.400000000	0.050800000	39.600000000	0.005662290	123.965000000
1600	8.400000000	0.050800000	39.600000000	0.005662290	130.965000000
2000	12.600000000	0.152400000	71.300000000	0.048315900	117.504000000
2500	5.300000000	0.228600000	71.300000000	0.005194200	123.740000000
200	12.300000000	0.101600000	71.300000000	0.033779200	130.588000000
315	6.700000000	0.101600000	31.700000000	0.005929270	126.266000000
2500	9.900000000	0.152400000	71.300000000	0.019300100	119.639000000
630	8.400000000	0.050800000	31.700000000	0.005807760	125.856000000
4000	11.200000000	0.050800000	39.600000000	0.015047800	115.520000000
10000	0.000000000	0.025400000	31.700000000	0.000439472	134.227000000
630	15.400000000	0.050800000	31.700000000	0.028985300	124.685000000
16000	0.000000000	0.152400000	71.300000000	0.001598800	113.297000000
2000	12.300000000	0.101600000	71.300000000	0.033779200	122.218000000
200	15.600000000	0.101600000	71.300000000	0.043725900	130.898000000
800	4.000000000	0.228600000	71.300000000	0.004006030	130.688000000
500	0.000000000	0.228600000	55.500000000	0.002293360	123.780000000
315	4.000000000	0.228600000	31.700000000	0.005090680	123.609000000
800	4.800000000	0.025400000	31.700000000	0.000930789	122.648000000
400	12.300000000	0.101600000	55.500000000	0.036823300	136.414000000
1250	11.200000000	0.050800000	71.300000000	0.014072000	136.191000000
3150	3.300000000	0.101600000	39.600000000	0.002451380	128.401000000
8000	7.200000000	0.152400000	39.600000000	0.009091750	111.588000000
1600	0.000000000	0.304800000	71.300000000	0.002663370	127.591000000
2000	4.800000000	0.025400000	39.600000000	0.000907475	128.916000000
1600	2.000000000	0.228600000	71.300000000	0.002930310	127.796000000
4000	0.000000000	0.101600000	71.300000000	0.001210720	130.935000000
1000	0.000000000	0.304800000	31.700000000	0.003312660	127.365000000
8000	0.000000000	0.101600000	39.600000000	0.001463320	122.341000000
6300	0.000000000	0.228600000	71.300000000	0.002143450	122.044000000
800	0.000000000	0.152400000	71.300000000	0.001598800	125.817000000
250	9.500000000	0.025400000	31.700000000	0.004613770	120.136000000
3150	0.000000000	0.025400000	55.500000000	0.000412290	130.503000000
2500	5.400000000	0.152400000	71.300000000	0.004011990	127.591000000
1250	0.000000000	0.228600000	31.700000000	0.002723800	128.805000000
315	0.000000000	0.228600000	31.700000000	0.002723800	120.595000000
200	7.300000000	0.228600000	31.700000000	0.013267200	128.679000000
4000	12.700000000	0.025400000	71.300000000	0.012180800	131.808000000
3150	0.000000000	0.304800000	31.700000000	0.003312660	119.135000000
6300	9.900000000	0.152400000	39.600000000	0.023332800	109.885000000
1000	3.000000000	0.304800000	31.700000000	0.005295140	126.838000000
4000	3.000000000	0.304800000	31.700000000	0.005295140	115.608000000
800	8.400000000	0.050800000	55.500000000	0.005448540	128.562000000
1000	4.000000000	0.228600000	55.500000000	0.004286200	132.134000000
1000	15.400000000	0.050800000	55.500000000	0.027192500	130.400000000
400	4.000000000	0.228600000	31.700000000	0.005090680	126.149000000
200	8.900000000	0.101600000	71.300000000	0.010308800	133.503000000
400	8.400000000	0.050800000	39.600000000	0.005662290	120.015000000
1000	17.400000000	0.025400000	71.300000000	0.016104000	125.816000000
1250	5.400000000	0.152400000	31.700000000	0.005254740	123.991000000
1600	0.000000000	0.304800000	55.500000000	0.002830810	126.986000000
10000	4.800000000	0.025400000	71.300000000	0.000848633	127.398000000
1000	3.000000000	0.304800000	55.500000000	0.004524920	129.329000000
3150	11.200000000	0.050800000	71.300000000	0.014072000	127.141000000
2500	4.000000000	0.228600000	55.500000000	0.004286200	122.384000000
2500	0.000000000	0.152400000	55.500000000	0.001726680	127.763000000
800	8.900000000	0.101600000	39.600000000	0.012459600	130.940000000
10000	4.200000000	0.050800000	39.600000000	0.001526890	116.967000000
6300	7.300000000	0.228600000	71.300000000	0.010440400	115.818000000
6300	12.600000000	0.152400000	39.600000000	0.058411300	103.380000000
3150	9.900000000	0.152400000	39.600000000	0.023332800	113.525000000
1250	0.000000000	0.101600000	55.500000000	0.001319830	131.430000000
400	6.700000000	0.101600000	31.700000000	0.005929270	128.296000000
4000	12.700000000	0.025400000	39.600000000	0.013025300	126.537000000
6300	15.400000000	0.050800000	71.300000000	0.026426900	115.215000000
630	17.400000000	0.025400000	31.700000000	0.017663100	136.886000000
630	2.000000000	0.228600000	55.500000000	0.003135250	126.842000000
5000	3.300000000	0.101600000	55.500000000	0.002211000	124.839000000
800	2.000000000	0.228600000	55.500000000	0.003135250	128.492000000
4000	0.000000000	0.101600000	39.600000000	0.001463320	127.801000000
6300	7.300000000	0.228600000	39.600000000	0.012348100	110.839000000
1250	7.300000000	0.228600000	39.600000000	0.012348100	123.189000000
1250	7.200000000	0.152400000	39.600000000	0.009091750	122.428000000
16000	0.000000000	0.025400000	31.700000000	0.000439472	125.627000000
630	3.300000000	0.101600000	55.500000000	0.002211000	126.599000000
6300	17.400000000	0.025400000	55.500000000	0.016570600	114.861000000
4000	8.400000000	0.050800000	55.500000000	0.005448540	122.612000000
250	17.400000000	0.025400000	39.600000000	0.017220600	114.714000000
10000	0.000000000	0.101600000	31.700000000	0.001500920	115.893000000
1000	2.700000000	0.152400000	39.600000000	0.002948040	130.589000000
800	7.300000000	0.228600000	71.300000000	0.010440400	130.748000000
1600	15.400000000	0.050800000	71.300000000	0.026426900	130.065000000
4000	0.000000000	0.304800000	55.500000000	0.002830810	121.106000000
630	9.500000000	0.025400000	39.600000000	0.004498210	126.514000000
3150	0.000000000	0.050800000	55.500000000	0.000761930	134.826000000
630	4.000000000	0.304800000	71.300000000	0.004977730	131.615000000
6300	2.000000000	0.228600000	55.500000000	0.003135250	118.712000000
2000	8.400000000	0.050800000	39.600000000	0.005662290	129.965000000
6300	7.300000000	0.228600000	55.500000000	0.011170600	111.534000000
8000	4.000000000	0.228600000	55.500000000	0.004286200	112.524000000
630	2.000000000	0.228600000	39.600000000	0.003465740	127.417000000
630	7.200000000	0.152400000	39.600000000	0.009091750	133.198000000
16000	1.500000000	0.304800000	71.300000000	0.003367290	106.582000000
3150	3.000000000	0.304800000	31.700000000	0.005295140	118.108000000
1250	8.900000000	0.101600000	71.300000000	0.010308800	132.793000000
630	17.400000000	0.025400000	55.500000000	0.016570600	122.411000000
800	2.700000000	0.152400000	39.600000000	0.002948040	128.829000000
2500	7.200000000	0.152400000	71.300000000	0.007520390	124.353000000
10000	0.000000000	0.304800000	71.300000000	0.002663370	115.391000000
5000	17.400000000	0.025400000	71.300000000	0.016104000	123.126000000
1250	3.300000000	0.101600000	31.700000000	0.002514350	134.022000000
4000	11.200000000	0.050800000	71.300000000	0.014072000	122.471000000
500	5.300000000	0.228600000	39.600000000	0.006143290	132.251000000
250	9.900000000	0.152400000	31.700000000	0.025278500	128.559000000
1250	2.000000000	0.228600000	31.700000000	0.003723710	128.677000000
1600	4.800000000	0.025400000	39.600000000	0.000907475	125.966000000
5000	5.300000000	0.228600000	39.600000000	0.006143290	115.311000000
500	15.400000000	0.050800000	55.500000000	0.027192500	127.220000000
3150	7.200000000	0.152400000	71.300000000	0.007520390	116.783000000
500	8.400000000	0.050800000	55.500000000	0.005448540	123.742000000
1600	7.200000000	0.152400000	71.300000000	0.007520390	130.893000000
1600	3.300000000	0.101600000	55.500000000	0.002211000	133.649000000
2000	5.300000000	0.228600000	39.600000000	0.006143290	117.911000000
1000	0.000000000	0.304800000	55.500000000	0.002830810	126.966000000
315	5.400000000	0.152400000	31.700000000	0.005254740	125.741000000
4000	7.300000000	0.228600000	55.500000000	0.011170600	117.284000000
6300	4.800000000	0.025400000	39.600000000	0.000907475	134.336000000
315	15.400000000	0.050800000	71.300000000	0.026426900	126.195000000
10000	0.000000000	0.101600000	55.500000000	0.001319830	121.930000000
1250	2.000000000	0.228600000	39.600000000	0.003465740	128.257000000
2000	0.000000000	0.050800000	55.500000000	0.000761930	131.456000000
5000	2.000000000	0.228600000	55.500000000	0.003135250	120.472000000
8000	5.300000000	0.228600000	71.300000000	0.005194200	114.900000000
630	5.300000000	0.228600000	71.300000000	0.005194200	131.800000000
500	8.900000000	0.101600000	71.300000000	0.010308800	138.523000000
500	15.400000000	0.050800000	39.600000000	0.028259300	125.963000000
630	3.000000000	0.304800000	55.500000000	0.004524920	129.569000000
400	4.000000000	0.304800000	71.300000000	0.004977730	129.575000000
630	8.400000000	0.050800000	39.600000000	0.005662290	126.045000000
10000	0.000000000	0.304800000	31.700000000	0.003312660	108.265000000
12500	0.000000000	0.025400000	55.500000000	0.000412290	131.453000000
5000	0.000000000	0.101600000	31.700000000	0.001500920	124.393000000
400	1.500000000	0.304800000	39.600000000	0.003921070	124.001000000
1000	4.000000000	0.304800000	71.300000000	0.004977730	131.015000000
630	6.700000000	0.101600000	39.600000000	0.005780760	133.355000000
8000	0.000000000	0.025400000	31.700000000	0.000439472	137.207000000
6300	12.300000000	0.101600000	71.300000000	0.033779200	113.958000000
1250	12.300000000	0.101600000	71.300000000	0.033779200	126.648000000
1600	4.800000000	0.025400000	55.500000000	0.000873218	121.474000000
315	17.400000000	0.025400000	39.600000000	0.017220600	115.144000000
500	6.700000000	0.101600000	31.700000000	0.005929270	130.206000000
2000	4.000000000	0.228600000	55.500000000	0.004286200	124.254000000
1600	0.000000000	0.152400000	31.700000000	0.002094050	130.817000000
6300	7.200000000	0.152400000	71.300000000	0.007520390	116.603000000
800	0.000000000	0.050800000	39.600000000	0.000791822	126.508000000
2000	0.000000000	0.228600000	39.600000000	0.002535110	125.305000000
3150	4.000000000	0.304800000	71.300000000	0.004977730	121.775000000
3150	7.300000000	0.228600000	55.500000000	0.011170600	117.134000000
630	22.200000000	0.025400000	71.300000000	0.021417800	120.657000000
2500	4.800000000	0.025400000	31.700000000	0.000930789	132.588000000
10000	4.200000000	0.050800000	71.300000000	0.001427880	121.238000000
250	4.000000000	0.304800000	71.300000000	0.004977730	126.395000000
630	12.300000000	0.101600000	55.500000000	0.036823300	124.244000000
8000	12.700000000	0.025400000	39.600000000	0.013025300	120.607000000
4000	4.800000000	0.025400000	71.300000000	0.000848633	134.928000000
2500	0.000000000	0.152400000	31.700000000	0.002094050	125.867000000
8000	0.000000000	0.152400000	39.600000000	0.001932870	120.553000000
2500	11.200000000	0.050800000	39.600000000	0.015047800	122.170000000
5000	17.400000000	0.025400000	31.700000000	0.017663100	117.996000000
500	17.400000000	0.025400000	71.300000000	0.016104000	119.806000000
1000	0.000000000	0.050800000	39.600000000	0.000791822	127.638000000
2500	4.200000000	0.050800000	71.300000000	0.001427880	131.978000000
630	5.400000000	0.152400000	39.600000000	0.004850290	132.357000000
2500	0.000000000	0.050800000	31.700000000	0.000812164	134.870000000
1250	0.000000000	0.050800000	71.300000000	0.000740478	128.560000000
2000	15.400000000	0.050800000	71.300000000	0.026426900	129.285000000
2000	3.300000000	0.101600000	31.700000000	0.002514350	131.642000000
5000	22.200000000	0.025400000	71.300000000	0.021417800	125.727000000
1250	4.000000000	0.228600000	55.500000000	0.004286200	131.264000000
3150	9.900000000	0.152400000	55.500000000	0.020843800	115.085000000
8000	0.000000000	0.152400000	71.300000000	0.001598800	122.527000000
2500	3.000000000	0.304800000	55.500000000	0.004524920	122.439000000
6300	0.000000000	0.050800000	31.700000000	0.000812164	130.340000000
630	3.300000000	0.101600000	39.600000000	0.002451380	127.251000000
5000	12.300000000	0.101600000	55.500000000	0.036823300	112.014000000
5000	0.000000000	0.025400000	39.600000000	0.000428464	136.536000000
800	0.000000000	0.228600000	31.700000000	0.002723800	130.725000000
3150	5.400000000	0.152400000	39.600000000	0.004850290	119.137000000
500	5.400000000	0.152400000	31.700000000	0.005254740	129.681000000
2500	12.300000000	0.101600000	31.700000000	0.041875600	110.317000000
3150	0.000000000	0.101600000	39.600000000	0.001463320	130.961000000
5000	12.600000000	0.152400000	39.600000000	0.058411300	104.130000000
2000	6.700000000	0.101600000	71.300000000	0.004782880	134.568000000
630	12.600000000	0.152400000	71.300000000	0.048315900	123.304000000
1250	17.400000000	0.025400000	39.600000000	0.017220600	131.364000000
8000	0.000000000	0.025400000	71.300000000	0.000400682	129.867000000
400	11.200000000	0.050800000	71.300000000	0.014072000	129.281000000
2000	9.500000000	0.025400000	39.600000000	0.004498210	131.274000000
800	2.700000000	0.152400000	71.300000000	0.002438510	127.394000000
10000	3.000000000	0.304800000	71.300000000	0.004257270	110.224000000
5000	5.400000000	0.152400000	55.500000000	0.004332880	118.757000000
2000	0.000000000	0.228600000	31.700000000	0.002723800	123.455000000
1000	12.600000000	0.152400000	39.600000000	0.058411300	114.670000000
315	12.300000000	0.101600000	55.500000000	0.036823300	135.674000000
2500	15.400000000	0.050800000	39.600000000	0.028259300	122.413000000
250	7.300000000	0.228600000	31.700000000	0.013267200	130.089000000
1250	1.500000000	0.304800000	71.300000000	0.003367290	125.872000000
200	9.900000000	0.152400000	55.500000000	0.020843800	131.955000000
10000	0.000000000	0.101600000	71.300000000	0.001210720	123.305000000
1000	9.900000000	0.152400000	31.700000000	0.025278500	122.149000000
8000	22.200000000	0.025400000	71.300000000	0.021417800	121.657000000
2500	8.400000000	0.050800000	71.300000000	0.005295140	134.226000000
5000	0.000000000	0.025400000	55.500000000	0.000412290	135.803000000
500	4.000000000	0.228600000	39.600000000	0.004738010	127.039000000
2000	9.900000000	0.152400000	71.300000000	0.019300100	120.779000000
2000	15.400000000	0.050800000	31.700000000	0.028985300	120.835000000
10000	0.000000000	0.152400000	71.300000000	0.001598800	120.247000000
800	8.900000000	0.101600000	71.300000000	0.010308800	137.813000000
3150	7.300000000	0.228600000	71.300000000	0.010440400	120.458000000
800	8.400000000	0.050800000	31.700000000	0.005807760	128.246000000
250	8.900000000	0.101600000	71.300000000	0.010308800	134.533000000
250	12.600000000	0.152400000	39.600000000	0.058411300	115.890000000
8000	0.000000000	0.050800000	31.700000000	0.000812164	126.590000000
630	0.000000000	0.228600000	31.700000000	0.002723800	129.465000000
8000	3.300000000	0.101600000	55.500000000	0.002211000	120.569000000
5000	3.000000000	0.304800000	71.300000000	0.004257270	118.134000000
2000	8.900000000	0.101600000	39.600000000	0.012459600	119.040000000
800	0.000000000	0.228600000	55.500000000	0.002293360	127.530000000
5000	0.000000000	0.025400000	31.700000000	0.000439472	138.607000000
2000	17.400000000	0.025400000	55.500000000	0.016570600	125.261000000
250	22.200000000	0.025400000	39.600000000	0.022902800	117.386000000
200	17.400000000	0.025400000	39.600000000	0.017220600	114.044000000
2000	0.000000000	0.152400000	31.700000000	0.002094050	128.907000000
1250	0.000000000	0.304800000	39.600000000	0.003101380	125.499000000
6300	0.000000000	0.025400000	71.300000000	0.000400682	134.987000000
315	0.000000000	0.304800000	39.600000000	0.003101380	122.779000000
2500	19.700000000	0.050800000	71.300000000	0.034118300	118.385000000
200	11.200000000	0.050800000	39.600000000	0.015047800	125.010000000
500	12.700000000	0.025400000	71.300000000	0.012180800	126.898000000
500	7.300000000	0.228600000	55.500000000	0.011170600	133.174000000
1600	2.000000000	0.228600000	31.700000000	0.003723710	125.797000000
2000	4.800000000	0.025400000	55.500000000	0.000873218	125.054000000
1600	11.200000000	0.050800000	71.300000000	0.014072000	135.191000000
5000	0.000000000	0.304800000	71.300000000	0.002663370	121.301000000
12500	0.000000000	0.050800000	55.500000000	0.000761930	125.376000000
2500	7.300000000	0.228600000	39.600000000	0.012348100	116.559000000
1000	4.000000000	0.228600000	71.300000000	0.004006030	131.708000000
2500	7.300000000	0.228600000	55.500000000	0.011170600	118.994000000
10000	0.000000000	0.152400000	55.500000000	0.001726680	119.253000000
6300	12.300000000	0.101600000	31.700000000	0.041875600	107.267000000
315	12.600000000	0.152400000	39.600000000	0.058411300	116.020000000
1600	12.600000000	0.152400000	71.300000000	0.048315900	120.534000000
4000	9.500000000	0.025400000	39.600000000	0.004498210	127.864000000