8
492
0.710000000	710.500000000	269.500000000	220.500000000	3.500000000	5	0.400000000	5	15.310000000
0.790000000	637.000000000	343.000000000	147.000000000	7.000000000	3	0.250000000	4	45.480000000
0.820000000	612.500000000	318.500000000	147.000000000	7.000000000	4	0.400000000	5	33.840000000
0.710000000	710.500000000	269.500000000	220.500000000	3.500000000	4	0.250000000	1	15.440000000
0.620000000	808.500000000	367.500000000	220.500000000	3.500000000	5	0.250000000	4	15.380000000
0.640000000	784.000000000	343.000000000	220.500000000	3.500000000	3	0.250000000	1	21.190000000
0.900000000	563.500000000	318.500000000	122.500000000	7.000000000	5	0.400000000	2	40.660000000
0.900000000	563.500000000	318.500000000	122.500000000	7.000000000	5	0.250000000	3	32.460000000
0.980000000	514.500000000	294.000000000	110.250000000	7.000000000	3	0.100000000	5	25.980000000
0.790000000	637.000000000	343.000000000	147.000000000	7.000000000	5	0.400000000	3	38.230000000
0.620000000	808.500000000	367.500000000	220.500000000	3.500000000	2	0.250000000	1	15.770000000
0.620000000	808.500000000	367.500000000	220.500000000	3.500000000	5	0.250000000	3	14.350000000
0.900000000	563.500000000	318.500000000	122.500000000	7.000000000	3	0.250000000	5	32.000000000
0.710000000	710.500000000	269.500000000	220.500000000	3.500000000	2	0.250000000	2	14.910000000
0.980000000	514.500000000	294.000000000	110.250000000	7.000000000	3	0.400000000	3	33.240000000
0.860000000	588.000000000	294.000000000	147.000000000	7.000000000	3	0.100000000	4	31.760000000
0.740000000	686.000000000	245.000000000	220.500000000	3.500000000	5	0.100000000	5	13.500000000
0.740000000	686.000000000	245.000000000	220.500000000	3.500000000	5	0.100000000	2	13.790000000
0.980000000	514.500000000	294.000000000	110.250000000	7.000000000	4	0.400000000	4	33.950000000
0.620000000	808.500000000	367.500000000	220.500000000	3.500000000	3	0.400000000	1	17.210000000
0.820000000	612.500000000	318.500000000	147.000000000	7.000000000	3	0.400000000	5	29.560000000
0.660000000	759.500000000	318.500000000	220.500000000	3.500000000	3	0.400000000	3	17.630000000
0.710000000	710.500000000	269.500000000	220.500000000	3.500000000	2	0.100000000	1	13.800000000
0.640000000	784.000000000	343.000000000	220.500000000	3.500000000	4	0.250000000	1	21.090000000
0.980000000	514.500000000	294.000000000	110.250000000	7.000000000	5	0.250000000	5	30.200000000
0.980000000	514.500000000	294.000000000	110.250000000	7.000000000	4	0.250000000	2	30.180000000
0.620000000	808.500000000	367.500000000	220.500000000	3.500000000	4	0.000000000	0	12.080000000
0.690000000	735.000000000	294.000000000	220.500000000	3.500000000	5	0.400000000	5	16.740000000
0.690000000	735.000000000	294.000000000	220.500000000	3.500000000	3	0.400000000	4	16.880000000
0.620000000	808.500000000	367.500000000	220.500000000	3.500000000	5	0.400000000	3	16.000000000
0.690000000	735.000000000	294.000000000	220.500000000	3.500000000	2	0.100000000	1	14.280000000
0.980000000	514.500000000	294.000000000	110.250000000	7.000000000	3	0.100000000	4	25.720000000
0.620000000	808.500000000	367.500000000	220.500000000	3.500000000	3	0.250000000	4	15.560000000
0.980000000	514.500000000	294.000000000	110.250000000	7.000000000	2	0.250000000	1	29.790000000
0.790000000	637.000000000	343.000000000	147.000000000	7.000000000	3	0.000000000	0	31.270000000
0.620000000	808.500000000	367.500000000	220.500000000	3.500000000	2	0.400000000	3	16.900000000
0.690000000	735.000000000	294.000000000	220.500000000	3.500000000	5	0.400000000	4	17.390000000
0.740000000	686.000000000	245.000000000	220.500000000	3.500000000	3	0.400000000	2	16.930000000
0.760000000	661.500000000	416.500000000	122.500000000	7.000000000	3	0.250000000	5	37.010000000
0.760000000	661.500000000	416.500000000	122.500000000	7.000000000	2	0.400000000	2	39.480000000
0.690000000	735.000000000	294.000000000	220.500000000	3.500000000	4	0.250000000	3	15.440000000
0.900000000	563.500000000	318.500000000	122.500000000	7.000000000	5	0.250000000	5	35.620000000
0.900000000	563.500000000	318.500000000	122.500000000	7.000000000	3	0.250000000	2	32.640000000
0.980000000	514.500000000	294.000000000	110.250000000	7.000000000	5	0.400000000	1	33.040000000
0.760000000	661.500000000	416.500000000	122.500000000	7.000000000	5	0.400000000	4	40.770000000
0.690000000	735.000000000	294.000000000	220.500000000	3.500000000	4	0.000000000	0	11.730000000
0.790000000	637.000000000	343.000000000	147.000000000	7.000000000	5	0.250000000	4	37.260000000
0.740000000	686.000000000	245.000000000	220.500000000	3.500000000	3	0.400000000	1	17.250000000
0.980000000	514.500000000	294.000000000	110.250000000	7.000000000	4	0.250000000	4	30.190000000
0.710000000	710.500000000	269.500000000	220.500000000	3.500000000	4	0.250000000	3	15.570000000
0.860000000	588.000000000	294.000000000	147.000000000	7.000000000	2	0.250000000	3	33.520000000
0.740000000	686.000000000	245.000000000	220.500000000	3.500000000	4	0.100000000	5	13.720000000
0.820000000	612.500000000	318.500000000	147.000000000	7.000000000	3	0.400000000	1	29.130000000
0.690000000	735.000000000	294.000000000	220.500000000	3.500000000	2	0.400000000	5	16.630000000
0.620000000	808.500000000	367.500000000	220.500000000	3.500000000	2	0.100000000	2	14.370000000
0.760000000	661.500000000	416.500000000	122.500000000	7.000000000	5	0.000000000	0	29.400000000
0.900000000	563.500000000	318.500000000	122.500000000	7.000000000	3	0.000000000	0	25.380000000
0.640000000	784.000000000	343.000000000	220.500000000	3.500000000	3	0.000000000	0	16.800000000
0.710000000	710.500000000	269.500000000	220.500000000	3.500000000	3	0.100000000	2	14.110000000
0.660000000	759.500000000	318.500000000	220.500000000	3.500000000	2	0.100000000	3	13.460000000
0.690000000	735.000000000	294.000000000	220.500000000	3.500000000	4	0.400000000	3	16.990000000
0.620000000	808.500000000	367.500000000	220.500000000	3.500000000	5	0.400000000	5	16.030000000
0.660000000	759.500000000	318.500000000	220.500000000	3.500000000	2	0.100000000	4	14.860000000
0.620000000	808.500000000	367.500000000	220.500000000	3.500000000	2	0.100000000	1	14.340000000
0.790000000	637.000000000	343.000000000	147.000000000	7.000000000	4	0.100000000	3	35.100000000
0.820000000	612.500000000	318.500000000	147.000000000	7.000000000	5	0.250000000	5	28.140000000
0.740000000	686.000000000	245.000000000	220.500000000	3.500000000	2	0.250000000	1	15.190000000
0.790000000	637.000000000	343.000000000	147.000000000	7.000000000	3	0.400000000	5	37.700000000
0.790000000	637.000000000	343.000000000	147.000000000	7.000000000	2	0.100000000	2	41.070000000
0.640000000	784.000000000	343.000000000	220.500000000	3.500000000	2	0.400000000	4	21.680000000
0.760000000	661.500000000	416.500000000	122.500000000	7.000000000	3	0.000000000	0	29.680000000
0.900000000	563.500000000	318.500000000	122.500000000	7.000000000	2	0.100000000	4	29.340000000
0.790000000	637.000000000	343.000000000	147.000000000	7.000000000	2	0.250000000	4	36.260000000
0.740000000	686.000000000	245.000000000	220.500000000	3.500000000	2	0.100000000	2	13.390000000
0.640000000	784.000000000	343.000000000	220.500000000	3.500000000	3	0.100000000	4	19.250000000
0.620000000	808.500000000	367.500000000	220.500000000	3.500000000	4	0.100000000	2	14.270000000
0.760000000	661.500000000	416.500000000	122.500000000	7.000000000	3	0.250000000	2	37.350000000
0.640000000	784.000000000	343.000000000	220.500000000	3.500000000	3	0.400000000	3	20.720000000
0.620000000	808.500000000	367.500000000	220.500000000	3.500000000	2	0.100000000	5	14.240000000
0.690000000	735.000000000	294.000000000	220.500000000	3.500000000	3	0.250000000	2	15.850000000
0.790000000	637.000000000	343.000000000	147.000000000	7.000000000	5	0.400000000	4	39.560000000
0.740000000	686.000000000	245.000000000	220.500000000	3.500000000	2	0.250000000	5	14.480000000
0.860000000	588.000000000	294.000000000	147.000000000	7.000000000	4	0.100000000	3	25.900000000
0.900000000	563.500000000	318.500000000	122.500000000	7.000000000	5	0.000000000	0	29.600000000
0.860000000	588.000000000	294.000000000	147.000000000	7.000000000	3	0.400000000	5	31.200000000
0.760000000	661.500000000	416.500000000	122.500000000	7.000000000	3	0.100000000	2	34.070000000
0.820000000	612.500000000	318.500000000	147.000000000	7.000000000	4	0.250000000	4	28.760000000
0.760000000	661.500000000	416.500000000	122.500000000	7.000000000	3	0.100000000	4	33.620000000
0.980000000	514.500000000	294.000000000	110.250000000	7.000000000	3	0.250000000	2	29.690000000
0.740000000	686.000000000	245.000000000	220.500000000	3.500000000	2	0.250000000	2	14.730000000
0.860000000	588.000000000	294.000000000	147.000000000	7.000000000	2	0.250000000	2	33.370000000
0.760000000	661.500000000	416.500000000	122.500000000	7.000000000	2	0.000000000	0	29.790000000
0.690000000	735.000000000	294.000000000	220.500000000	3.500000000	5	0.250000000	5	14.600000000
0.900000000	563.500000000	318.500000000	122.500000000	7.000000000	3	0.400000000	4	39.920000000
0.860000000	588.000000000	294.000000000	147.000000000	7.000000000	2	0.000000000	0	27.300000000
0.660000000	759.500000000	318.500000000	220.500000000	3.500000000	5	0.250000000	1	16.190000000
0.740000000	686.000000000	245.000000000	220.500000000	3.500000000	5	0.400000000	1	17.250000000
0.710000000	710.500000000	269.500000000	220.500000000	3.500000000	5	0.250000000	1	15.810000000
0.740000000	686.000000000	245.000000000	220.500000000	3.500000000	4	0.100000000	3	13.650000000
0.790000000	637.000000000	343.000000000	147.000000000	7.000000000	5	0.000000000	0	39.440000000
0.690000000	735.000000000	294.000000000	220.500000000	3.500000000	2	0.400000000	2	16.440000000
0.640000000	784.000000000	343.000000000	220.500000000	3.500000000	2	0.100000000	3	19.140000000
0.740000000	686.000000000	245.000000000	220.500000000	3.500000000	5	0.400000000	4	17.320000000
0.860000000	588.000000000	294.000000000	147.000000000	7.000000000	5	0.250000000	3	29.820000000
0.690000000	735.000000000	294.000000000	220.500000000	3.500000000	3	0.250000000	4	15.730000000
0.980000000	514.500000000	294.000000000	110.250000000	7.000000000	5	0.250000000	3	30.190000000
0.690000000	735.000000000	294.000000000	220.500000000	3.500000000	3	0.100000000	1	14.610000000
0.820000000	612.500000000	318.500000000	147.000000000	7.000000000	2	0.400000000	5	29.930000000
0.740000000	686.000000000	245.000000000	220.500000000	3.500000000	4	0.250000000	4	15.030000000
0.790000000	637.000000000	343.000000000	147.000000000	7.000000000	4	0.250000000	1	36.850000000
0.620000000	808.500000000	367.500000000	220.500000000	3.500000000	5	0.250000000	1	15.760000000
0.820000000	612.500000000	318.500000000	147.000000000	7.000000000	2	0.250000000	3	28.770000000
0.980000000	514.500000000	294.000000000	110.250000000	7.000000000	5	0.000000000	0	21.330000000
0.900000000	563.500000000	318.500000000	122.500000000	7.000000000	4	0.400000000	1	35.920000000
0.760000000	661.500000000	416.500000000	122.500000000	7.000000000	5	0.400000000	3	40.100000000
0.790000000	637.000000000	343.000000000	147.000000000	7.000000000	4	0.100000000	1	34.430000000
0.900000000	563.500000000	318.500000000	122.500000000	7.000000000	5	0.400000000	3	33.310000000
0.620000000	808.500000000	367.500000000	220.500000000	3.500000000	4	0.250000000	5	14.610000000
0.690000000	735.000000000	294.000000000	220.500000000	3.500000000	5	0.100000000	2	13.510000000
0.710000000	710.500000000	269.500000000	220.500000000	3.500000000	4	0.100000000	2	13.800000000
0.640000000	784.000000000	343.000000000	220.500000000	3.500000000	3	0.250000000	3	20.030000000
0.820000000	612.500000000	318.500000000	147.000000000	7.000000000	2	0.250000000	5	26.530000000
0.740000000	686.000000000	245.000000000	220.500000000	3.500000000	2	0.400000000	2	16.430000000
0.860000000	588.000000000	294.000000000	147.000000000	7.000000000	5	0.250000000	5	33.470000000
0.820000000	612.500000000	318.500000000	147.000000000	7.000000000	5	0.250000000	4	27.340000000
0.710000000	710.500000000	269.500000000	220.500000000	3.500000000	2	0.250000000	5	15.270000000
0.740000000	686.000000000	245.000000000	220.500000000	3.500000000	3	0.400000000	3	15.390000000
0.980000000	514.500000000	294.000000000	110.250000000	7.000000000	2	0.400000000	1	33.370000000
0.860000000	588.000000000	294.000000000	147.000000000	7.000000000	3	0.250000000	4	34.190000000
0.760000000	661.500000000	416.500000000	122.500000000	7.000000000	2	0.400000000	3	38.170000000
0.640000000	784.000000000	343.000000000	220.500000000	3.500000000	5	0.400000000	1	22.530000000
0.640000000	784.000000000	343.000000000	220.500000000	3.500000000	4	0.250000000	4	20.370000000
0.760000000	661.500000000	416.500000000	122.500000000	7.000000000	4	0.250000000	5	35.730000000
0.740000000	686.000000000	245.000000000	220.500000000	3.500000000	4	0.250000000	5	14.810000000
0.790000000	637.000000000	343.000000000	147.000000000	7.000000000	3	0.250000000	3	43.660000000
0.820000000	612.500000000	318.500000000	147.000000000	7.000000000	2	0.100000000	3	28.680000000
0.710000000	710.500000000	269.500000000	220.500000000	3.500000000	5	0.250000000	2	15.320000000
0.980000000	514.500000000	294.000000000	110.250000000	7.000000000	5	0.100000000	3	26.140000000
0.900000000	563.500000000	318.500000000	122.500000000	7.000000000	5	0.100000000	5	33.010000000
0.790000000	637.000000000	343.000000000	147.000000000	7.000000000	4	0.100000000	2	33.870000000
0.900000000	563.500000000	318.500000000	122.500000000	7.000000000	2	0.400000000	4	33.980000000
0.790000000	637.000000000	343.000000000	147.000000000	7.000000000	4	0.400000000	5	47.010000000
0.640000000	784.000000000	343.000000000	220.500000000	3.500000000	3	0.250000000	4	19.760000000
0.860000000	588.000000000	294.000000000	147.000000000	7.000000000	2	0.400000000	3	35.220000000
0.860000000	588.000000000	294.000000000	147.000000000	7.000000000	2	0.250000000	5	28.020000000
0.790000000	637.000000000	343.000000000	147.000000000	7.000000000	2	0.100000000	3	43.120000000
0.740000000	686.000000000	245.000000000	220.500000000	3.500000000	3	0.250000000	5	14.580000000
0.860000000	588.000000000	294.000000000	147.000000000	7.000000000	2	0.100000000	2	30.910000000
0.690000000	735.000000000	294.000000000	220.500000000	3.500000000	5	0.250000000	4	16.130000000
0.790000000	637.000000000	343.000000000	147.000000000	7.000000000	4	0.100000000	5	43.140000000
0.640000000	784.000000000	343.000000000	220.500000000	3.500000000	2	0.250000000	2	20.470000000
0.690000000	735.000000000	294.000000000	220.500000000	3.500000000	5	0.000000000	0	11.930000000
0.690000000	735.000000000	294.000000000	220.500000000	3.500000000	3	0.400000000	1	17.000000000
0.860000000	588.000000000	294.000000000	147.000000000	7.000000000	4	0.250000000	2	29.900000000
0.820000000	612.500000000	318.500000000	147.000000000	7.000000000	3	0.250000000	3	27.760000000
0.980000000	514.500000000	294.000000000	110.250000000	7.000000000	3	0.250000000	3	29.780000000
0.740000000	686.000000000	245.000000000	220.500000000	3.500000000	2	0.000000000	0	10.900000000
0.710000000	710.500000000	269.500000000	220.500000000	3.500000000	3	0.400000000	2	17.370000000
0.860000000	588.000000000	294.000000000	147.000000000	7.000000000	3	0.100000000	3	31.010000000
0.710000000	710.500000000	269.500000000	220.500000000	3.500000000	4	0.100000000	3	14.300000000
0.640000000	784.000000000	343.000000000	220.500000000	3.500000000	2	0.100000000	1	19.370000000
0.760000000	661.500000000	416.500000000	122.500000000	7.000000000	2	0.100000000	5	34.250000000
0.760000000	661.500000000	416.500000000	122.500000000	7.000000000	2	0.100000000	2	33.910000000
0.710000000	710.500000000	269.500000000	220.500000000	3.500000000	3	0.100000000	3	13.770000000
0.820000000	612.500000000	318.500000000	147.000000000	7.000000000	5	0.100000000	2	28.790000000
0.640000000	784.000000000	343.000000000	220.500000000	3.500000000	5	0.100000000	4	19.480000000
0.900000000	563.500000000	318.500000000	122.500000000	7.000000000	4	0.000000000	0	25.160000000
0.980000000	514.500000000	294.000000000	110.250000000	7.000000000	3	0.250000000	4	29.590000000
0.660000000	759.500000000	318.500000000	220.500000000	3.500000000	5	0.250000000	5	16.060000000
0.740000000	686.000000000	245.000000000	220.500000000	3.500000000	5	0.100000000	3	13.490000000
0.760000000	661.500000000	416.500000000	122.500000000	7.000000000	2	0.100000000	3	33.850000000
0.980000000	514.500000000	294.000000000	110.250000000	7.000000000	3	0.100000000	2	25.630000000
0.820000000	612.500000000	318.500000000	147.000000000	7.000000000	2	0.000000000	0	23.770000000
0.790000000	637.000000000	343.000000000	147.000000000	7.000000000	5	0.250000000	5	43.730000000
0.760000000	661.500000000	416.500000000	122.500000000	7.000000000	4	0.250000000	3	37.280000000
0.980000000	514.500000000	294.000000000	110.250000000	7.000000000	2	0.400000000	3	32.780000000
0.640000000	784.000000000	343.000000000	220.500000000	3.500000000	5	0.100000000	5	19.290000000
0.790000000	637.000000000	343.000000000	147.000000000	7.000000000	2	0.000000000	0	37.730000000
0.710000000	710.500000000	269.500000000	220.500000000	3.500000000	3	0.250000000	2	15.400000000
0.740000000	686.000000000	245.000000000	220.500000000	3.500000000	3	0.100000000	2	13.720000000
0.690000000	735.000000000	294.000000000	220.500000000	3.500000000	2	0.250000000	4	15.370000000
0.820000000	612.500000000	318.500000000	147.000000000	7.000000000	4	0.250000000	1	27.250000000
0.620000000	808.500000000	367.500000000	220.500000000	3.500000000	5	0.250000000	2	15.300000000
0.980000000	514.500000000	294.000000000	110.250000000	7.000000000	2	0.250000000	4	29.610000000
0.860000000	588.000000000	294.000000000	147.000000000	7.000000000	5	0.400000000	1	36.730000000
0.640000000	784.000000000	343.000000000	220.500000000	3.500000000	5	0.250000000	3	20.280000000
0.640000000	784.000000000	343.000000000	220.500000000	3.500000000	4	0.100000000	4	19.420000000
0.860000000	588.000000000	294.000000000	147.000000000	7.000000000	4	0.100000000	5	32.040000000
0.710000000	710.500000000	269.500000000	220.500000000	3.500000000	2	0.250000000	3	14.920000000
0.760000000	661.500000000	416.500000000	122.500000000	7.000000000	4	0.100000000	1	34.140000000
0.790000000	637.000000000	343.000000000	147.000000000	7.000000000	2	0.100000000	5	34.990000000
0.620000000	808.500000000	367.500000000	220.500000000	3.500000000	3	0.250000000	5	14.610000000
0.620000000	808.500000000	367.500000000	220.500000000	3.500000000	4	0.100000000	4	14.280000000
0.820000000	612.500000000	318.500000000	147.000000000	7.000000000	3	0.250000000	4	29.430000000
0.900000000	563.500000000	318.500000000	122.500000000	7.000000000	5	0.400000000	1	40.990000000
0.640000000	784.000000000	343.000000000	220.500000000	3.500000000	2	0.400000000	1	22.720000000
0.980000000	514.500000000	294.000000000	110.250000000	7.000000000	4	0.100000000	1	26.440000000
0.900000000	563.500000000	318.500000000	122.500000000	7.000000000	3	0.100000000	2	29.440000000
0.660000000	759.500000000	318.500000000	220.500000000	3.500000000	2	0.400000000	4	17.860000000
0.740000000	686.000000000	245.000000000	220.500000000	3.500000000	4	0.400000000	2	16.990000000
0.690000000	735.000000000	294.000000000	220.500000000	3.500000000	5	0.400000000	3	17.020000000
0.710000000	710.500000000	269.500000000	220.500000000	3.500000000	5	0.000000000	0	11.670000000
0.760000000	661.500000000	416.500000000	122.500000000	7.000000000	2	0.250000000	3	36.070000000
0.820000000	612.500000000	318.500000000	147.000000000	7.000000000	2	0.400000000	1	31.710000000
0.760000000	661.500000000	416.500000000	122.500000000	7.000000000	5	0.250000000	4	37.510000000
0.620000000	808.500000000	367.500000000	220.500000000	3.500000000	2	0.100000000	4	14.370000000
0.740000000	686.000000000	245.000000000	220.500000000	3.500000000	4	0.250000000	1	15.280000000
0.620000000	808.500000000	367.500000000	220.500000000	3.500000000	2	0.000000000	0	12.070000000
0.900000000	563.500000000	318.500000000	122.500000000	7.000000000	5	0.400000000	5	37.270000000
0.790000000	637.000000000	343.000000000	147.000000000	7.000000000	5	0.400000000	1	46.940000000
0.710000000	710.500000000	269.500000000	220.500000000	3.500000000	4	0.250000000	2	14.940000000
0.790000000	637.000000000	343.000000000	147.000000000	7.000000000	4	0.100000000	4	41.860000000
0.860000000	588.000000000	294.000000000	147.000000000	7.000000000	5	0.400000000	4	31.000000000
0.790000000	637.000000000	343.000000000	147.000000000	7.000000000	3	0.400000000	2	39.410000000
0.640000000	784.000000000	343.000000000	220.500000000	3.500000000	2	0.100000000	5	19.240000000
0.660000000	759.500000000	318.500000000	220.500000000	3.500000000	3	0.100000000	2	14.750000000
0.620000000	808.500000000	367.500000000	220.500000000	3.500000000	2	0.400000000	5	16.880000000
0.740000000	686.000000000	245.000000000	220.500000000	3.500000000	2	0.400000000	3	16.080000000
0.860000000	588.000000000	294.000000000	147.000000000	7.000000000	3	0.100000000	1	25.600000000
0.690000000	735.000000000	294.000000000	220.500000000	3.500000000	3	0.400000000	3	15.840000000
0.660000000	759.500000000	318.500000000	220.500000000	3.500000000	4	0.100000000	5	14.650000000
0.710000000	710.500000000	269.500000000	220.500000000	3.500000000	2	0.400000000	4	16.850000000
0.740000000	686.000000000	245.000000000	220.500000000	3.500000000	2	0.100000000	3	13.600000000
0.790000000	637.000000000	343.000000000	147.000000000	7.000000000	3	0.400000000	4	47.590000000
0.640000000	784.000000000	343.000000000	220.500000000	3.500000000	4	0.100000000	1	19.340000000
0.980000000	514.500000000	294.000000000	110.250000000	7.000000000	5	0.400000000	4	33.880000000
0.710000000	710.500000000	269.500000000	220.500000000	3.500000000	4	0.400000000	1	17.120000000
0.740000000	686.000000000	245.000000000	220.500000000	3.500000000	4	0.100000000	1	13.480000000
0.620000000	808.500000000	367.500000000	220.500000000	3.500000000	2	0.400000000	4	17.100000000
0.640000000	784.000000000	343.000000000	220.500000000	3.500000000	3	0.100000000	2	19.340000000
0.710000000	710.500000000	269.500000000	220.500000000	3.500000000	2	0.250000000	1	15.420000000
0.760000000	661.500000000	416.500000000	122.500000000	7.000000000	5	0.400000000	2	39.700000000
0.760000000	661.500000000	416.500000000	122.500000000	7.000000000	5	0.250000000	3	37.290000000
0.900000000	563.500000000	318.500000000	122.500000000	7.000000000	4	0.100000000	5	34.450000000
0.980000000	514.500000000	294.000000000	110.250000000	7.000000000	2	0.400000000	2	32.960000000
0.620000000	808.500000000	367.500000000	220.500000000	3.500000000	4	0.250000000	2	15.140000000
0.710000000	710.500000000	269.500000000	220.500000000	3.500000000	3	0.400000000	3	15.470000000
0.760000000	661.500000000	416.500000000	122.500000000	7.000000000	3	0.100000000	1	34.070000000
0.820000000	612.500000000	318.500000000	147.000000000	7.000000000	3	0.400000000	2	27.930000000
0.660000000	759.500000000	318.500000000	220.500000000	3.500000000	2	0.400000000	1	18.140000000
0.820000000	612.500000000	318.500000000	147.000000000	7.000000000	4	0.000000000	0	21.160000000
0.660000000	759.500000000	318.500000000	220.500000000	3.500000000	4	0.400000000	2	18.360000000
0.660000000	759.500000000	318.500000000	220.500000000	3.500000000	4	0.250000000	4	16.170000000
0.760000000	661.500000000	416.500000000	122.500000000	7.000000000	3	0.250000000	3	36.440000000
0.740000000	686.000000000	245.000000000	220.500000000	3.500000000	2	0.400000000	5	16.690000000
0.740000000	686.000000000	245.000000000	220.500000000	3.500000000	5	0.250000000	4	15.350000000
0.710000000	710.500000000	269.500000000	220.500000000	3.500000000	5	0.400000000	2	17.510000000
0.820000000	612.500000000	318.500000000	147.000000000	7.000000000	3	0.250000000	2	26.960000000
0.740000000	686.000000000	245.000000000	220.500000000	3.500000000	2	0.400000000	4	16.610000000
0.620000000	808.500000000	367.500000000	220.500000000	3.500000000	4	0.250000000	4	15.070000000
0.710000000	710.500000000	269.500000000	220.500000000	3.500000000	5	0.250000000	3	14.940000000
0.900000000	563.500000000	318.500000000	122.500000000	7.000000000	2	0.250000000	5	32.250000000
0.640000000	784.000000000	343.000000000	220.500000000	3.500000000	5	0.250000000	5	20.290000000
0.660000000	759.500000000	318.500000000	220.500000000	3.500000000	3	0.400000000	5	17.790000000
0.980000000	514.500000000	294.000000000	110.250000000	7.000000000	4	0.100000000	5	25.880000000
0.620000000	808.500000000	367.500000000	220.500000000	3.500000000	5	0.400000000	4	16.790000000
0.620000000	808.500000000	367.500000000	220.500000000	3.500000000	3	0.100000000	5	13.970000000
0.640000000	784.000000000	343.000000000	220.500000000	3.500000000	5	0.100000000	1	19.320000000
0.820000000	612.500000000	318.500000000	147.000000000	7.000000000	3	0.100000000	4	28.610000000
0.900000000	563.500000000	318.500000000	122.500000000	7.000000000	4	0.250000000	2	32.770000000
0.900000000	563.500000000	318.500000000	122.500000000	7.000000000	2	0.400000000	2	38.350000000
0.660000000	759.500000000	318.500000000	220.500000000	3.500000000	5	0.400000000	3	18.220000000
0.620000000	808.500000000	367.500000000	220.500000000	3.500000000	5	0.100000000	3	13.890000000
0.980000000	514.500000000	294.000000000	110.250000000	7.000000000	2	0.100000000	4	25.910000000
0.620000000	808.500000000	367.500000000	220.500000000	3.500000000	5	0.400000000	1	17.200000000
0.980000000	514.500000000	294.000000000	110.250000000	7.000000000	2	0.400000000	5	32.880000000
0.690000000	735.000000000	294.000000000	220.500000000	3.500000000	5	0.100000000	5	14.390000000
0.740000000	686.000000000	245.000000000	220.500000000	3.500000000	3	0.400000000	5	16.620000000
0.820000000	612.500000000	318.500000000	147.000000000	7.000000000	4	0.100000000	2	24.800000000
0.760000000	661.500000000	416.500000000	122.500000000	7.000000000	2	0.400000000	4	40.360000000
0.710000000	710.500000000	269.500000000	220.500000000	3.500000000	3	0.250000000	3	14.740000000
0.820000000	612.500000000	318.500000000	147.000000000	7.000000000	2	0.100000000	5	25.110000000
0.760000000	661.500000000	416.500000000	122.500000000	7.000000000	4	0.250000000	1	37.450000000
0.710000000	710.500000000	269.500000000	220.500000000	3.500000000	5	0.100000000	1	14.270000000
0.690000000	735.000000000	294.000000000	220.500000000	3.500000000	4	0.250000000	5	15.220000000
0.640000000	784.000000000	343.000000000	220.500000000	3.500000000	2	0.100000000	2	19.230000000
0.660000000	759.500000000	318.500000000	220.500000000	3.500000000	2	0.100000000	1	13.900000000
0.660000000	759.500000000	318.500000000	220.500000000	3.500000000	2	0.100000000	5	14.540000000
0.790000000	637.000000000	343.000000000	147.000000000	7.000000000	3	0.100000000	4	43.300000000
0.660000000	759.500000000	318.500000000	220.500000000	3.500000000	3	0.250000000	5	16.030000000
0.710000000	710.500000000	269.500000000	220.500000000	3.500000000	2	0.000000000	0	11.270000000
0.900000000	563.500000000	318.500000000	122.500000000	7.000000000	3	0.250000000	1	33.170000000
0.740000000	686.000000000	245.000000000	220.500000000	3.500000000	4	0.100000000	4	13.210000000
0.620000000	808.500000000	367.500000000	220.500000000	3.500000000	3	0.100000000	2	14.570000000
0.690000000	735.000000000	294.000000000	220.500000000	3.500000000	4	0.400000000	1	16.870000000
0.820000000	612.500000000	318.500000000	147.000000000	7.000000000	2	0.400000000	4	28.200000000
0.760000000	661.500000000	416.500000000	122.500000000	7.000000000	4	0.100000000	4	33.890000000
0.710000000	710.500000000	269.500000000	220.500000000	3.500000000	2	0.400000000	3	16.110000000
0.900000000	563.500000000	318.500000000	122.500000000	7.000000000	2	0.250000000	3	36.350000000
0.900000000	563.500000000	318.500000000	122.500000000	7.000000000	4	0.250000000	1	32.710000000
0.640000000	784.000000000	343.000000000	220.500000000	3.500000000	2	0.250000000	4	19.650000000
0.900000000	563.500000000	318.500000000	122.500000000	7.000000000	3	0.250000000	4	37.120000000
0.980000000	514.500000000	294.000000000	110.250000000	7.000000000	5	0.100000000	1	26.290000000
0.710000000	710.500000000	269.500000000	220.500000000	3.500000000	4	0.100000000	5	14.260000000
0.790000000	637.000000000	343.000000000	147.000000000	7.000000000	3	0.400000000	1	39.070000000
0.820000000	612.500000000	318.500000000	147.000000000	7.000000000	2	0.100000000	1	27.310000000
0.900000000	563.500000000	318.500000000	122.500000000	7.000000000	3	0.400000000	3	35.040000000
0.860000000	588.000000000	294.000000000	147.000000000	7.000000000	4	0.100000000	4	31.060000000
0.660000000	759.500000000	318.500000000	220.500000000	3.500000000	4	0.400000000	4	18.360000000
0.640000000	784.000000000	343.000000000	220.500000000	3.500000000	2	0.250000000	1	21.130000000
0.980000000	514.500000000	294.000000000	110.250000000	7.000000000	5	0.400000000	2	33.780000000
0.980000000	514.500000000	294.000000000	110.250000000	7.000000000	2	0.400000000	4	32.950000000
0.690000000	735.000000000	294.000000000	220.500000000	3.500000000	3	0.400000000	2	17.010000000
0.760000000	661.500000000	416.500000000	122.500000000	7.000000000	4	0.400000000	2	40.470000000
0.660000000	759.500000000	318.500000000	220.500000000	3.500000000	5	0.250000000	2	15.870000000
0.820000000	612.500000000	318.500000000	147.000000000	7.000000000	3	0.100000000	5	24.770000000
0.790000000	637.000000000	343.000000000	147.000000000	7.000000000	3	0.100000000	2	34.620000000
0.900000000	563.500000000	318.500000000	122.500000000	7.000000000	2	0.250000000	2	35.560000000
0.790000000	637.000000000	343.000000000	147.000000000	7.000000000	2	0.250000000	2	43.860000000
0.620000000	808.500000000	367.500000000	220.500000000	3.500000000	3	0.400000000	3	17.140000000
0.900000000	563.500000000	318.500000000	122.500000000	7.000000000	3	0.400000000	5	33.140000000
0.640000000	784.000000000	343.000000000	220.500000000	3.500000000	2	0.250000000	5	20.130000000
0.820000000	612.500000000	318.500000000	147.000000000	7.000000000	4	0.400000000	2	28.950000000
0.760000000	661.500000000	416.500000000	122.500000000	7.000000000	5	0.100000000	3	34.500000000
0.620000000	808.500000000	367.500000000	220.500000000	3.500000000	3	0.100000000	1	14.500000000
0.980000000	514.500000000	294.000000000	110.250000000	7.000000000	2	0.100000000	5	25.640000000
0.860000000	588.000000000	294.000000000	147.000000000	7.000000000	5	0.400000000	3	31.600000000
0.690000000	735.000000000	294.000000000	220.500000000	3.500000000	5	0.250000000	1	15.780000000
0.980000000	514.500000000	294.000000000	110.250000000	7.000000000	2	0.100000000	1	26.470000000
0.690000000	735.000000000	294.000000000	220.500000000	3.500000000	5	0.400000000	1	17.200000000
0.660000000	759.500000000	318.500000000	220.500000000	3.500000000	5	0.100000000	2	14.740000000
0.820000000	612.500000000	318.500000000	147.000000000	7.000000000	4	0.100000000	3	25.350000000
0.740000000	686.000000000	245.000000000	220.500000000	3.500000000	4	0.400000000	5	16.940000000
0.820000000	612.500000000	318.500000000	147.000000000	7.000000000	3	0.100000000	3	27.540000000
0.740000000	686.000000000	245.000000000	220.500000000	3.500000000	3	0.100000000	3	13.360000000
0.740000000	686.000000000	245.000000000	220.500000000	3.500000000	5	0.400000000	3	16.600000000
0.980000000	514.500000000	294.000000000	110.250000000	7.000000000	4	0.250000000	3	30.100000000
0.900000000	563.500000000	318.500000000	122.500000000	7.000000000	2	0.100000000	3	34.140000000
0.740000000	686.000000000	245.000000000	220.500000000	3.500000000	2	0.100000000	4	13.200000000
0.660000000	759.500000000	318.500000000	220.500000000	3.500000000	5	0.400000000	2	18.150000000
0.860000000	588.000000000	294.000000000	147.000000000	7.000000000	5	0.100000000	3	27.400000000
0.790000000	637.000000000	343.000000000	147.000000000	7.000000000	2	0.400000000	5	38.560000000
0.820000000	612.500000000	318.500000000	147.000000000	7.000000000	5	0.400000000	2	32.920000000
0.760000000	661.500000000	416.500000000	122.500000000	7.000000000	4	0.000000000	0	29.790000000
0.980000000	514.500000000	294.000000000	110.250000000	7.000000000	3	0.000000000	0	21.330000000
0.640000000	784.000000000	343.000000000	220.500000000	3.500000000	2	0.400000000	3	20.780000000
0.980000000	514.500000000	294.000000000	110.250000000	7.000000000	5	0.250000000	1	29.490000000
0.740000000	686.000000000	245.000000000	220.500000000	3.500000000	4	0.400000000	3	16.570000000
0.660000000	759.500000000	318.500000000	220.500000000	3.500000000	3	0.000000000	0	12.230000000
0.760000000	661.500000000	416.500000000	122.500000000	7.000000000	3	0.400000000	2	40.400000000
0.690000000	735.000000000	294.000000000	220.500000000	3.500000000	4	0.250000000	1	15.480000000
0.660000000	759.500000000	318.500000000	220.500000000	3.500000000	4	0.250000000	3	16.140000000
0.620000000	808.500000000	367.500000000	220.500000000	3.500000000	4	0.400000000	3	16.560000000
0.620000000	808.500000000	367.500000000	220.500000000	3.500000000	4	0.250000000	1	15.770000000
0.790000000	637.000000000	343.000000000	147.000000000	7.000000000	4	0.400000000	3	38.810000000
0.690000000	735.000000000	294.000000000	220.500000000	3.500000000	5	0.400000000	2	17.220000000
0.620000000	808.500000000	367.500000000	220.500000000	3.500000000	3	0.250000000	2	15.640000000
0.900000000	563.500000000	318.500000000	122.500000000	7.000000000	2	0.100000000	5	29.820000000
0.860000000	588.000000000	294.000000000	147.000000000	7.000000000	5	0.100000000	1	31.730000000
0.820000000	612.500000000	318.500000000	147.000000000	7.000000000	3	0.400000000	3	30.650000000
0.860000000	588.000000000	294.000000000	147.000000000	7.000000000	2	0.250000000	4	29.450000000
0.820000000	612.500000000	318.500000000	147.000000000	7.000000000	4	0.250000000	2	26.720000000
0.820000000	612.500000000	318.500000000	147.000000000	7.000000000	5	0.100000000	1	28.510000000
0.690000000	735.000000000	294.000000000	220.500000000	3.500000000	3	0.100000000	5	14.280000000
0.660000000	759.500000000	318.500000000	220.500000000	3.500000000	2	0.400000000	3	17.040000000
0.820000000	612.500000000	318.500000000	147.000000000	7.000000000	5	0.400000000	5	32.540000000
0.790000000	637.000000000	343.000000000	147.000000000	7.000000000	4	0.400000000	2	38.840000000
0.790000000	637.000000000	343.000000000	147.000000000	7.000000000	2	0.250000000	1	43.800000000
0.740000000	686.000000000	245.000000000	220.500000000	3.500000000	3	0.250000000	4	15.240000000
0.620000000	808.500000000	367.500000000	220.500000000	3.500000000	3	0.250000000	1	15.950000000
0.820000000	612.500000000	318.500000000	147.000000000	7.000000000	4	0.100000000	4	27.570000000
0.690000000	735.000000000	294.000000000	220.500000000	3.500000000	4	0.100000000	4	14.420000000
0.740000000	686.000000000	245.000000000	220.500000000	3.500000000	3	0.400000000	4	16.740000000
0.740000000	686.000000000	245.000000000	220.500000000	3.500000000	2	0.250000000	3	14.490000000
0.900000000	563.500000000	318.500000000	122.500000000	7.000000000	5	0.250000000	2	37.720000000
0.900000000	563.500000000	318.500000000	122.500000000	7.000000000	2	0.400000000	1	39.280000000
0.860000000	588.000000000	294.000000000	147.000000000	7.000000000	4	0.250000000	5	34.150000000
0.710000000	710.500000000	269.500000000	220.500000000	3.500000000	5	0.100000000	4	14.200000000
0.690000000	735.000000000	294.000000000	220.500000000	3.500000000	2	0.400000000	3	16.350000000
0.660000000	759.500000000	318.500000000	220.500000000	3.500000000	4	0.400000000	5	17.550000000
0.900000000	563.500000000	318.500000000	122.500000000	7.000000000	4	0.250000000	4	36.160000000
0.660000000	759.500000000	318.500000000	220.500000000	3.500000000	5	0.250000000	3	16.260000000
0.640000000	784.000000000	343.000000000	220.500000000	3.500000000	5	0.100000000	2	19.300000000
0.690000000	735.000000000	294.000000000	220.500000000	3.500000000	3	0.250000000	1	15.630000000
0.820000000	612.500000000	318.500000000	147.000000000	7.000000000	5	0.100000000	5	27.690000000
0.760000000	661.500000000	416.500000000	122.500000000	7.000000000	3	0.400000000	1	40.850000000
0.820000000	612.500000000	318.500000000	147.000000000	7.000000000	5	0.250000000	3	26.410000000
0.710000000	710.500000000	269.500000000	220.500000000	3.500000000	5	0.250000000	5	14.970000000
0.860000000	588.000000000	294.000000000	147.000000000	7.000000000	3	0.000000000	0	21.970000000
0.660000000	759.500000000	318.500000000	220.500000000	3.500000000	5	0.100000000	4	14.830000000
0.860000000	588.000000000	294.000000000	147.000000000	7.000000000	4	0.400000000	5	36.260000000
0.640000000	784.000000000	343.000000000	220.500000000	3.500000000	3	0.400000000	1	22.730000000
0.710000000	710.500000000	269.500000000	220.500000000	3.500000000	3	0.400000000	5	14.580000000
0.740000000	686.000000000	245.000000000	220.500000000	3.500000000	4	0.100000000	2	13.570000000
0.620000000	808.500000000	367.500000000	220.500000000	3.500000000	2	0.400000000	1	17.200000000
0.820000000	612.500000000	318.500000000	147.000000000	7.000000000	4	0.400000000	1	28.990000000
0.900000000	563.500000000	318.500000000	122.500000000	7.000000000	4	0.400000000	5	38.790000000
0.860000000	588.000000000	294.000000000	147.000000000	7.000000000	5	0.100000000	5	31.280000000
0.690000000	735.000000000	294.000000000	220.500000000	3.500000000	2	0.400000000	4	16.810000000
0.660000000	759.500000000	318.500000000	220.500000000	3.500000000	4	0.250000000	5	15.800000000
0.740000000	686.000000000	245.000000000	220.500000000	3.500000000	4	0.250000000	3	14.720000000
0.900000000	563.500000000	318.500000000	122.500000000	7.000000000	3	0.400000000	1	36.380000000
0.660000000	759.500000000	318.500000000	220.500000000	3.500000000	2	0.100000000	2	14.860000000
0.760000000	661.500000000	416.500000000	122.500000000	7.000000000	4	0.400000000	5	37.790000000
0.640000000	784.000000000	343.000000000	220.500000000	3.500000000	3	0.250000000	2	20.560000000
0.980000000	514.500000000	294.000000000	110.250000000	7.000000000	2	0.250000000	3	29.430000000
0.690000000	735.000000000	294.000000000	220.500000000	3.500000000	4	0.250000000	2	15.660000000
0.900000000	563.500000000	318.500000000	122.500000000	7.000000000	4	0.250000000	3	32.830000000
0.710000000	710.500000000	269.500000000	220.500000000	3.500000000	3	0.400000000	4	17.200000000
0.620000000	808.500000000	367.500000000	220.500000000	3.500000000	3	0.100000000	3	14.230000000
0.710000000	710.500000000	269.500000000	220.500000000	3.500000000	4	0.400000000	5	15.330000000
0.740000000	686.000000000	245.000000000	220.500000000	3.500000000	5	0.250000000	2	15.440000000
0.640000000	784.000000000	343.000000000	220.500000000	3.500000000	3	0.400000000	2	22.070000000
0.760000000	661.500000000	416.500000000	122.500000000	7.000000000	5	0.100000000	2	33.780000000
0.620000000	808.500000000	367.500000000	220.500000000	3.500000000	3	0.100000000	4	14.340000000
0.860000000	588.000000000	294.000000000	147.000000000	7.000000000	3	0.250000000	5	29.430000000
0.790000000	637.000000000	343.000000000	147.000000000	7.000000000	5	0.400000000	5	44.870000000
0.710000000	710.500000000	269.500000000	220.500000000	3.500000000	4	0.100000000	4	13.790000000
0.690000000	735.000000000	294.000000000	220.500000000	3.500000000	2	0.000000000	0	11.740000000
0.690000000	735.000000000	294.000000000	220.500000000	3.500000000	3	0.100000000	3	14.270000000
0.740000000	686.000000000	245.000000000	220.500000000	3.500000000	4	0.250000000	2	15.180000000
0.660000000	759.500000000	318.500000000	220.500000000	3.500000000	3	0.250000000	3	15.800000000
0.760000000	661.500000000	416.500000000	122.500000000	7.000000000	3	0.400000000	5	39.800000000
0.980000000	514.500000000	294.000000000	110.250000000	7.000000000	2	0.250000000	2	29.620000000
0.690000000	735.000000000	294.000000000	220.500000000	3.500000000	4	0.100000000	2	13.320000000
0.640000000	784.000000000	343.000000000	220.500000000	3.500000000	4	0.100000000	5	19.260000000
0.660000000	759.500000000	318.500000000	220.500000000	3.500000000	4	0.000000000	0	12.400000000
0.860000000	588.000000000	294.000000000	147.000000000	7.000000000	4	0.400000000	1	31.700000000
0.790000000	637.000000000	343.000000000	147.000000000	7.000000000	3	0.400000000	3	44.180000000
0.790000000	637.000000000	343.000000000	147.000000000	7.000000000	3	0.100000000	5	34.180000000
0.860000000	588.000000000	294.000000000	147.000000000	7.000000000	4	0.250000000	1	30.120000000
0.790000000	637.000000000	343.000000000	147.000000000	7.000000000	5	0.100000000	5	41.260000000
0.660000000	759.500000000	318.500000000	220.500000000	3.500000000	3	0.100000000	4	14.670000000
0.660000000	759.500000000	318.500000000	220.500000000	3.500000000	2	0.250000000	2	15.890000000
0.760000000	661.500000000	416.500000000	122.500000000	7.000000000	5	0.100000000	5	33.880000000
0.710000000	710.500000000	269.500000000	220.500000000	3.500000000	4	0.250000000	4	15.200000000
0.980000000	514.500000000	294.000000000	110.250000000	7.000000000	3	0.250000000	5	29.770000000
0.860000000	588.000000000	294.000000000	147.000000000	7.000000000	5	0.250000000	4	28.310000000
0.900000000	563.500000000	318.500000000	122.500000000	7.000000000	5	0.250000000	1	37.580000000
0.860000000	588.000000000	294.000000000	147.000000000	7.000000000	3	0.400000000	2	30.530000000
0.860000000	588.000000000	294.000000000	147.000000000	7.000000000	4	0.400000000	3	30.110000000
0.790000000	637.000000000	343.000000000	147.000000000	7.000000000	4	0.250000000	4	44.160000000
0.640000000	784.000000000	343.000000000	220.500000000	3.500000000	5	0.000000000	0	16.670000000
0.740000000	686.000000000	245.000000000	220.500000000	3.500000000	3	0.100000000	1	13.710000000
0.620000000	808.500000000	367.500000000	220.500000000	3.500000000	3	0.400000000	4	16.790000000
0.690000000	735.000000000	294.000000000	220.500000000	3.500000000	5	0.100000000	1	14.450000000
0.980000000	514.500000000	294.000000000	110.250000000	7.000000000	4	0.250000000	1	29.280000000
0.900000000	563.500000000	318.500000000	122.500000000	7.000000000	3	0.100000000	1	29.870000000
0.710000000	710.500000000	269.500000000	220.500000000	3.500000000	5	0.400000000	3	16.100000000
0.660000000	759.500000000	318.500000000	220.500000000	3.500000000	5	0.100000000	1	13.650000000
0.860000000	588.000000000	294.000000000	147.000000000	7.000000000	4	0.400000000	4	36.210000000
0.790000000	637.000000000	343.000000000	147.000000000	7.000000000	2	0.250000000	5	37.540000000
0.620000000	808.500000000	367.500000000	220.500000000	3.500000000	4	0.400000000	2	16.860000000
0.710000000	710.500000000	269.500000000	220.500000000	3.500000000	2	0.400000000	5	15.590000000
0.900000000	563.500000000	318.500000000	122.500000000	7.000000000	5	0.100000000	2	34.200000000
0.820000000	612.500000000	318.500000000	147.000000000	7.000000000	5	0.400000000	3	29.640000000
0.760000000	661.500000000	416.500000000	122.500000000	7.000000000	2	0.250000000	4	37.200000000
0.660000000	759.500000000	318.500000000	220.500000000	3.500000000	5	0.400000000	4	18.240000000
0.790000000	637.000000000	343.000000000	147.000000000	7.000000000	4	0.000000000	0	30.930000000
0.660000000	759.500000000	318.500000000	220.500000000	3.500000000	3	0.100000000	3	13.700000000
0.660000000	759.500000000	318.500000000	220.500000000	3.500000000	3	0.100000000	5	14.810000000
0.690000000	735.000000000	294.000000000	220.500000000	3.500000000	3	0.000000000	0	12.050000000
0.900000000	563.500000000	318.500000000	122.500000000	7.000000000	2	0.000000000	0	28.280000000
0.790000000	637.000000000	343.000000000	147.000000000	7.000000000	4	0.250000000	5	45.280000000
0.710000000	710.500000000	269.500000000	220.500000000	3.500000000	2	0.100000000	5	14.180000000
0.690000000	735.000000000	294.000000000	220.500000000	3.500000000	4	0.100000000	5	14.460000000
0.620000000	808.500000000	367.500000000	220.500000000	3.500000000	4	0.400000000	5	16.610000000
0.860000000	588.000000000	294.000000000	147.000000000	7.000000000	3	0.400000000	4	36.200000000
0.740000000	686.000000000	245.000000000	220.500000000	3.500000000	5	0.250000000	3	14.760000000
0.740000000	686.000000000	245.000000000	220.500000000	3.500000000	2	0.100000000	1	13.430000000
0.710000000	710.500000000	269.500000000	220.500000000	3.500000000	2	0.100000000	2	13.670000000
0.740000000	686.000000000	245.000000000	220.500000000	3.500000000	4	0.000000000	0	10.940000000
0.620000000	808.500000000	367.500000000	220.500000000	3.500000000	5	0.000000000	0	12.040000000
0.710000000	710.500000000	269.500000000	220.500000000	3.500000000	2	0.250000000	4	14.670000000
0.860000000	588.000000000	294.000000000	147.000000000	7.000000000	3	0.100000000	2	25.630000000
0.760000000	661.500000000	416.500000000	122.500000000	7.000000000	3	0.100000000	3	34.110000000
0.790000000	637.000000000	343.000000000	147.000000000	7.000000000	3	0.100000000	3	41.220000000
0.900000000	563.500000000	318.500000000	122.500000000	7.000000000	2	0.250000000	4	32.120000000
0.900000000	563.500000000	318.500000000	122.500000000	7.000000000	3	0.100000000	3	32.850000000
0.620000000	808.500000000	367.500000000	220.500000000	3.500000000	2	0.250000000	2	15.320000000
0.980000000	514.500000000	294.000000000	110.250000000	7.000000000	2	0.100000000	2	25.950000000
0.760000000	661.500000000	416.500000000	122.500000000	7.000000000	5	0.100000000	4	34.050000000
0.620000000	808.500000000	367.500000000	220.500000000	3.500000000	3	0.400000000	2	17.380000000
0.860000000	588.000000000	294.000000000	147.000000000	7.000000000	5	0.250000000	1	34.730000000
0.640000000	784.000000000	343.000000000	220.500000000	3.500000000	5	0.100000000	3	19.290000000
0.820000000	612.500000000	318.500000000	147.000000000	7.000000000	3	0.250000000	1	27.840000000
0.640000000	784.000000000	343.000000000	220.500000000	3.500000000	4	0.400000000	5	20.710000000
0.620000000	808.500000000	367.500000000	220.500000000	3.500000000	3	0.000000000	0	12.220000000
0.660000000	759.500000000	318.500000000	220.500000000	3.500000000	3	0.250000000	2	15.850000000
0.690000000	735.000000000	294.000000000	220.500000000	3.500000000	4	0.400000000	5	16.540000000
0.980000000	514.500000000	294.000000000	110.250000000	7.000000000	4	0.100000000	2	26.130000000
0.860000000	588.000000000	294.000000000	147.000000000	7.000000000	5	0.400000000	5	35.710000000
0.790000000	637.000000000	343.000000000	147.000000000	7.000000000	3	0.250000000	5	36.660000000
0.980000000	514.500000000	294.000000000	110.250000000	7.000000000	3	0.400000000	2	33.130000000
0.980000000	514.500000000	294.000000000	110.250000000	7.000000000	4	0.400000000	1	32.830000000
0.760000000	661.500000000	416.500000000	122.500000000	7.000000000	3	0.400000000	3	38.480000000
0.820000000	612.500000000	318.500000000	147.000000000	7.000000000	5	0.000000000	0	24.930000000
0.900000000	563.500000000	318.500000000	122.500000000	7.000000000	4	0.400000000	4	39.220000000
0.640000000	784.000000000	343.000000000	220.500000000	3.500000000	5	0.250000000	4	19.900000000
0.860000000	588.000000000	294.000000000	147.000000000	7.000000000	3	0.400000000	1	30.660000000
0.860000000	588.000000000	294.000000000	147.000000000	7.000000000	4	0.100000000	1	27.030000000
0.640000000	784.000000000	343.000000000	220.500000000	3.500000000	4	0.000000000	0	16.750000000