31.615
35.064
38.23
41.31
44.329
47.318
50.317
53.313
56.495
59.568
62.62
65.776
68.86
71.978
75.014
78.005
81.014
84.046
87.061
90.175
93.315
96.371
99.402
102.407
105.516
108.504
111.511
114.454
117.453
120.455
123.617
126.762
129.812
132.958
136.237
139.439
142.476
145.636
148.592
151.582
154.686
157.749
160.75
163.723
166.756
169.696
172.834
175.831
178.919
181.929
184.949
188.288
191.387
194.465
197.495
200.535
203.621
206.68
209.675
212.726
215.85
219.094
222.25
225.259
228.278
231.319
234.292
237.319
240.31
243.304
246.261
249.254
252.214
255.28
258.298
261.334
264.354
267.36
270.401
273.583
276.641
279.751
282.81
285.861
288.954
292.016
295.099
298.131
301.179
304.427
307.528
310.577
313.631
316.829
319.837
322.97
325.963
328.885
331.893
334.87
338.019
341.126
344.175
347.251
350.321
353.359
356.425
359.409
362.362
365.347
368.315
371.393
374.304
377.219
380.248
383.199
386.148
389.339
392.334
395.309
398.28
401.33
404.392
407.343
410.405
413.484
416.464
419.44
422.549
425.543
428.528
431.57
434.601
437.702
440.854
443.928
446.903
449.905
452.982
456.222
459.243
462.163
465.119
468.063
471.117
474.135
477.126
480.035
483.018
486.008
489.146
492.168
495.124
498.112
501.045
504.109
507.096
510.139
513.152
516.154
519.18
522.307
525.305
528.273
531.239
534.301
537.436
540.438
543.485
546.421
549.393
552.342
555.427
558.47
561.461
564.442
567.406
570.495
573.477
576.504
579.507
582.491
585.484
588.577
591.73
594.908
597.947
600.88
604.059
607.122
610.15
613.112
616.075
619.042
622.244
625.367
628.522
631.566
634.598
637.79
640.774
643.738
646.679
649.59
652.553
655.612
658.666
661.681
664.711
667.769
670.916
673.912
676.809
679.673
682.606
685.512
688.608
691.571
694.606
697.573
700.638
703.815
706.858
709.838
712.802
715.816
718.89
721.969
724.963
727.997
731.008
733.936
736.991
740.049
743.109
746.07
749.12
752.129
755.242
758.241
761.198
764.127
767.071
770.419
773.539
776.549
779.496
782.447
785.419
788.556
791.597
794.589
797.618
800.59
803.724
806.751
809.833
812.855
815.846
818.901
822.115
825.174
828.251
831.287
834.404
837.562
840.601
843.643
846.689
849.707
852.66
855.78
858.761
861.714
864.686
867.643
870.816
873.84
876.914
880.077
883.308
886.599
889.721
892.851
896.275
899.432
902.529
905.746
908.772
911.802
914.792
917.886
921.03
924.116
927.18
930.248
933.295
936.482
939.558
942.605
945.708
948.751
951.878
955.041
958.155
961.225
964.369
967.434
970.61
973.697
976.741
979.787
982.812
985.959
989.015
992.145
995.293
998.362
1001.41
1004.6
1007.67
1010.74
1013.85
1016.89
1020.14
1023.29
1026.54
1029.76
1032.93
1036.16
1039.38
1042.54
1045.73
1048.9
1052.14
1055.62
1058.97
1062.18
1065.43
1068.7
1071.82
1075
1078.16
1081.23
1084.29
1087.46
1090.52
1093.57
1096.62
1099.7
1102.8
1105.87
1108.98
1112.07
1115.12
1118.48
1121.89
1125.06
1128.25
1131.34
1134.42
1137.63
1140.79
1143.86
1146.94
1149.97
1153.05
1156.08
1159.15
1162.2
1165.26
1168.34
1171.41
1174.47
1177.55
1180.66
1183.69
1186.79
1189.86
1192.9
1196.01
1199.05
1202.15
1205.19
1208.24
1211.28
1214.38
1217.43
1220.52
1223.6
1226.66
1229.7
1232.79
1235.94
1239.02
1242.07
1245.11
1248.23
1251.32
1254.4
1257.43
1260.45
1263.46
1266.57
1269.69
1272.73
1275.75
1278.8
1281.85
1285.03
1288.18
1291.34
1294.36
1297.38
1300.53
1303.75
1306.87
1309.9
1312.92
1315.91
1319.03
1322.08
1325.12
1328.19
1331.25
1334.28
1337.35
1340.44
1343.42
1346.39
1349.35
1352.57
1355.58
1358.63
1361.74
1364.83
1367.84
1370.93
1373.89
1376.89
1379.9
1382.85
1386.11
1389.18
1392.19
1395.17
1398.17
1401.29
1404.38
1407.36
1410.49
1413.46
1416.45
1419.65
1422.64
1425.58
1428.5
1431.46
1434.59
1437.66
1440.7
1443.93
1446.98
1450.01
1453.11
1456.12
1459.11
1462.16
1465.14
1468.25
1471.3
1474.45
1477.49
1480.53
1483.73
1486.96
1490.23
1493.3
1496.34
1499.25
1502.49
1505.56
1508.62
1511.67
1514.75
1517.91
1520.9
1523.88
1526.85
1529.79
1532.79
1535.88
1538.89
1541.97
1544.97
1547.97
1551.06
1554.09
1557.09
1560.08
1563.04
1566.02
1569.12
1572.15
1575.15
1578.19
1581.22
1584.31
1587.34
1590.36
1593.45
1596.67
1599.78
1602.92
1606.01
1609.13
1612.21
1615.28
1618.39
1621.41
1624.39
1627.39
1630.38
1633.38
1636.51
1639.55
1642.58
1645.66
1648.69
1651.79
1654.84
1657.87
1660.84
1663.89
1667.01
1670.14
1673.21
1676.32
1679.43
1682.47
1685.62
1688.91
1692.05
1695.07
1698.2
1701.33
1704.34
1707.35
1710.36
1713.35
1716.4
1719.56
1722.54
1725.59
1728.63
1731.75
1734.91
1737.98
1741.02
1744.03
1747.04
1750.36
1753.34
1756.29
1759.21
1762.2
1765.09
1768.14
1771.06
1774.03
1776.92
1779.86
1782.78
1786.16
1789.15
1792.17
1795.2
1798.22
1801.25
1804.16
1807.14
1810.07
1813.14
1816.12
1819.35
1822.4
1825.48
1828.55
1831.6
1834.88
1837.98
1840.98
1843.97
1846.9
1849.81
1852.85
1855.84
1858.83
1861.81
1864.77
1867.92
1871.02
1874.07
1877.09
1880.11
1883.17
1886.26
1889.25
1892.26
1895.28
1898.24
1901.36
1904.39
1907.44
1910.43
1913.52
1916.66
1919.64
1922.66
1925.69
1928.69
1931.64
1934.76
1937.83
1940.85
1943.87
1946.96
1950.09
1953.18
1956.19
1959.23
1962.24
1965.23
1968.29
1971.35
1974.4
1977.41
1980.41
1983.67
1986.7
1989.71
1992.7
1995.79
1998.94
2002.09
2005.16
2008.38
2011.42
2014.47
2017.59
2020.64
2023.61
2026.6
2029.6
2032.61
2035.74
2038.8
2041.86
2044.9
2047.98
2051.31
2054.37
2057.44
2060.45
2063.48
2066.58
2069.54
2072.45
2075.4
2078.36
2081.29
2084.43
2087.56
2090.69
2093.82
2096.86
2100.01
2103.02
2105.99
2108.96
2112
2115.06
2118.28
2121.38
2124.49
2127.64
2130.82
2134.05
2137.16
2140.22
2143.2
2146.17
2149.18
2152.23
2155.27
2158.32
2161.34
2164.42
2167.52
2170.5
2173.47
2176.46
2179.41
2182.56
2185.79
2188.88
2192.01
2195.04
2198.04
2201.15
2204.23
2207.49
2210.56
2213.62
2216.79
2219.94
2223
2225.99
2229.05
2232.15
2235.23
2238.2
2241.21
2244.13
2247.12
2250.28
2253.34
2256.36
2259.37
2262.4
2265.54
2268.61
2271.65
2274.67
2277.68
2280.73
2283.86
2286.96
2290.04
2293.05
2296.07
2299.23
2302.24
2305.36
2308.38
2311.39
2314.37
2317.56
2320.63
2323.71
2326.78
2329.88
2333.07
2336.07
2339.04
2342.03
2345.04
2348.05
2351.18
2354.23
2357.27
2360.35
2363.39
2366.47
2369.5
2372.47
2375.47
2378.48
2381.52
2384.55
2387.55
2390.5
2393.48
2396.52
2399.58
2402.57
2405.55
2408.6
2411.62
2414.62
2417.7
2420.72
2423.73
2426.73
2429.79
2432.96
2435.92
2438.92
2441.88
2444.87
2447.86
2450.92
2453.83
2456.76
2459.7
2462.64
2465.83
2468.81
2471.85
2474.9
2477.95
2481.19
2484.43
2487.51
2490.51
2493.57
2496.57
2499.75
2502.79
2505.74
2508.75
2511.74
2514.75
2517.9
2520.97
2523.98
2527
2530.11
2533.31
2536.38
2539.43
2542.45
2545.42
2548.49
2551.52
2554.55
2557.54
2560.45
2563.47
2566.57
2569.56
2572.55
2575.55
2578.54
2581.72
2584.77
2587.8
2590.82
2593.82
2596.91
2600.2
2603.28
2606.35
2609.35
2612.44
2615.56
2618.59
2621.62
2624.73
2627.75
2630.8
2633.94
2636.98
2640.1
2643.1
2646.03
2649.13
2652.15
2655.18
2658.18
2661.16
2664.14
2667.22
2670.3
2673.33
2676.33
2679.38
2682.54
2685.67
2688.69
2691.71
2694.81
2697.94
2700.96
2703.93
2706.92
2709.89
2712.84
2716.02
2719.2
2722.24
2725.33
2728.46
2731.8
2734.83
2737.8
2740.74
2743.84
2746.92
2750.05
2753.03
2756.05
2759.04
2762.03
2765.16
2768.18
2771.27
2774.32
2777.32
2780.29
2783.53
2786.51
2789.5
2792.51
2795.5
2798.66
2801.73
2804.8
2807.89
2810.91
2813.99
2817.06
2819.98
2823.03
2826.06
2829.05
2832.31
2835.42
2838.52
2841.62
2844.72
2847.9
2850.81
2853.8
2856.7
2859.63
2862.6
2865.71
2868.74
2871.79
2874.84
2877.89
2881
2884.05
2887.06
2890.05
2893.07
2896.08
2899.13
2902.13
2905.13
2908.15
2911.22
2914.31
2917.34
2920.34
2923.33
2926.37
2929.33
2932.53
2935.79
2938.88
2941.92
2945.02
2948.18
2951.19
2954.19
2957.21
2960.18
2963.24
2966.37
2969.54
2972.57
2975.66
2978.71
2981.99
2985.33
2988.42
2991.57
2994.71
2997.95
3001
3004.07
3007.13
3010.18
3013.25
3016.36
3019.37
3022.36
3025.34
3028.35
3031.47
3034.5
3037.57
3040.59
3043.66
3046.72
3049.79
3052.83
3055.83
3058.79
3061.77
3064.94
3067.99
3071.09
3074.16
3077.39
3080.58
3083.61
3086.63
3089.59
