75.3687
75.2808
74.7205
74.5349
74.1399
74.1195
73.7794
73.5241
72.8877
72.5642
72.1913
71.7047
71.4803
71.2603
70.815
70.5164
70.1231
69.8741
69.3607
69.06
68.9004
68.3787
68.1252
67.7093
67.4139
67.16
66.9102
66.2666
66.1042
65.6171
65.2966
65.0837
64.8888
64.3185
64.3185
63.993
63.3995
63.0307
62.8406
62.2534
61.752
61.3265
60.8907
60.7347
60.3979
59.9865
59.7371
59.6143
59.2082
58.9078
58.4882
57.9247
57.5931
57.1578
56.7727
56.418
56.2799
55.7697
55.5107
55.0368
54.6259
54.0585
53.8037
53.6577
53.4065
53.1305
52.843
52.4893
51.9859
51.9654
51.5261
51.1651
50.9408
50.5247
50.2719
49.8162
49.3728
49.1291
48.8292
48.6483
48.4831
48.078
47.9146
47.1979
46.8674
46.5406
46.3012
45.9018
45.6543
45.0072
44.6535
44.5126
43.9944
43.7599
43.5366
43.182
42.7573
42.4594
42.2979
41.9887
41.5128
41.3223
40.5624
40.2654
40.2654
39.9671
39.6672
39.2712
38.976
38.7477
38.3649
37.9715
37.8024
37.6681
37.0697
37.0135
36.66
36.2902
35.6181
35.5008
35.44
35.0803
34.5972
34.1562
33.9583
33.8749
33.5732
32.9377
32.5754
32.0654
31.7533
31.5346
31.3251
31.0056
30.8126
30.5864
30.0596
29.7336
29.5271
29.341
29.0383
28.6645
28.4176
28.1281
27.954
27.3787
26.8288
26.8288
26.577
26.2918
26.1132
25.7623
25.4229
25.1768
24.7603
24.4727
24.2119
23.939
23.6699
23.3847
23.2505
22.9982
22.6997
22.498
22.3854
22.2515
22.0767
21.9316
21.7886
21.5722
21.4219
21.0244
20.9579
20.7515
20.3459
20.2522
19.8176
19.805
19.5817
19.5282
19.3242
19.1455
18.8601
18.762
18.6017
18.3457
18.276
18.2605
18.0962
17.897
17.8402
17.792
17.6375
17.5562
17.4213
17.3352
17.2887
17.2334
17.1549
17.1093
17.0764
17.0289
16.9981
16.9771
16.9259
16.8707
16.8553
16.8111
16.7548
16.7186
16.6975
16.6528
16.628
16.5831
16.5652
16.5337
16.5072
16.4896
16.4375
16.4267
16.3958
16.3675
16.3098
16.2961
16.2904
16.263
16.2582
16.2178
16.1972
16.1876
16.1661
16.064
15.9523
15.9151
15.9135
15.8778
15.8691
15.8434
15.8128
15.8117
15.7958
15.7715
15.7645
15.7528
15.7431
15.7341
15.7173
15.687
15.6799
15.6568
15.6512
15.582
15.5652
15.5643
15.5375
15.4651
15.4642
15.4554
15.435
15.4308
15.4083
15.3556
15.3555
15.3022
15.2996
15.2895
15.2753
15.2631
15.2371
15.2344
15.2161
15.1874
15.1612
15.1462
15.1364
15.1236
15.1112
15.1024
15.0847
15.0674
15.0208
14.9987
14.9875
14.9582
14.9425
14.9402
14.9081
14.9081
14.8849
14.8849
14.8483
14.8459
14.7662
14.7484
14.7426
14.7327
14.7228
14.7152
14.6913
14.6837
14.6724
14.5823
14.5716
14.5414
14.535
14.5231
14.5117
14.5057
14.4934
14.4852
14.4598
14.4493
14.4419
14.4288
14.3524
14.3462
14.3415
14.3208
14.2902
14.2902
14.2901
14.2676
14.2638
14.2097
14.194
14.1813
14.1739
14.1695
14.1442
14.1244
14.0996
14.0948
14.0607
14.0538
14.0428
14.0409
14.012
14.012
14.0025
13.9915
13.9903
13.9725
13.9566
13.9526
13.9166
13.9164
13.9092
13.8907
13.8821
13.8612
13.8609
13.785
13.7725
13.7348
13.728
13.7222
13.7073
13.7034
13.6934
13.6718
13.6674
13.6561
13.6317
13.6221
13.6189
13.585
13.585
13.5837
13.555
13.5502
13.5474
13.5268
13.5076
13.4975
13.4795
13.4579
13.435
13.4203
13.4084
13.3377
13.3358
13.3194
13.2956
13.2828
13.2696
13.2272
13.2262
13.2185
13.2047
13.186
13.186
13.1239
13.1085
13.1037
13.0821
13.057
13.0455
13.0323
13.02
13.0151
12.9963
12.9944
12.9517
12.9512
12.9204
12.9147
12.8993
12.8305
12.8159
12.8159
12.7985
12.7902
12.776
12.7669
12.7547
12.7099
12.688
12.688
12.6531
12.6525
12.6375
12.6295
12.6204
12.611
12.603
12.5988
12.571
12.571
12.5579
12.552
12.5425
12.5292
12.5262
12.5132
12.4948
12.4771
12.4635
12.4496
12.3927
12.3879
12.376
12.3596
12.275
12.2698
12.2326
12.2326
12.2312
12.206
12.2054
12.1931
12.1594
12.1594
12.1395
12.1395
12.1339
12.1063
12.0815
12.0815
12.0743
12.0576
12.0334
12.0273
12.0261
12.0033
11.9973
11.9833
11.9523
11.9521
11.9327
11.9227
11.8938
11.8927
11.8597
11.8576
11.8417
11.8351
11.8182
11.8114
11.807
11.7832
11.7645
11.7562
11.7496
11.6664
11.6613
11.6389
11.6115
11.6032
11.5938
11.5645
11.5645
11.5622
11.545
11.5062
11.4979
11.4955
11.4755
11.4354
11.4331
11.4147
11.4129
11.4063
11.3909
11.381
11.3612
11.3558
11.3461
11.3415
11.3235
11.3071
11.2945
11.2618
11.2592
11.258
11.2482
11.204
11.204
11.204
11.1916
11.1338
11.1331
11.0517
11.0431
11.0065
11.0065
10.9939
10.9889
10.9755
10.9603
10.9473
10.9422
10.9294
10.9242
10.9143
10.8969
10.8969
10.8552
10.8407
10.8403
10.8325
10.824
10.7878
10.7878
10.7735
10.7458
10.7341
10.7014
10.7014
10.6929
10.6807
10.6598
10.6347
10.6347
10.6271
10.6236
10.5967
10.5591
10.5439
10.5291
10.4871
10.4822
10.4786
10.4739
10.446
10.4167
10.4167
10.4141
10.4066
10.3966
10.388
10.3723
10.3593
10.3544
10.3367
10.3307
10.3176
10.2814
10.2808
10.2749
10.2625
10.2537
10.2437
10.239
10.2279
10.2023
10.2014
10.2
10.1811
10.1783
10.1673
10.1352
10.1261
10.0923
10.0734
10.0447
10.0437
10.0261
10.0161
10.0161
9.98513
9.97448
9.97067
9.96088
9.94977
9.94459
9.93647
9.93183
9.88562
9.88194
9.88052
9.84321
9.82864
9.82864
9.82846
9.81559
9.80171
9.79646
9.78749
9.7687
9.766
9.75625
9.72009
9.71866
9.69176
9.67796
9.62015
9.61739
9.59284
9.54481
9.54169
9.54125
9.51035
9.51035
9.48463
9.48463
9.46784
9.45393
9.44695
9.44467
9.42585
9.36791
9.36736
9.34388
9.34328
9.33415
9.31001
9.23199
9.23199
9.22811
9.21619
9.207
9.19365
9.17181
9.16782
9.15193
9.15076
9.12866
9.11812
9.09702
9.09702
9.09133
9.08019
9.06136
9.06136
9.05707
9.03831
9.03293
9.02554
9.01824
9.00193
9.00173
8.98813
8.97187
8.96983
8.91533
8.91457
8.91014
8.89769
8.8854
8.87172
8.86324
8.85796
8.84522
8.8241
8.8214
8.79663
8.77597
8.77483
8.77279
8.74924
8.74884
8.74611
8.72235
8.70476
8.7017
8.68102
8.6696
8.66629
8.66058
8.64248
8.63941
8.63331
8.62838
8.59997
8.59308
8.58212
8.56842
8.55368
8.54988
8.54188
8.52441
8.51621
8.50926
8.50017
8.49561
8.48478
8.44981
8.43555
8.42883
8.411
8.4005
8.39006
8.39006
8.35942
8.3591
8.3336
8.3336
8.32948
8.30726
8.30726
8.28832
8.2861
8.27401
8.24882
8.24757
8.22965
8.22033
8.18718
8.18718
8.18718
8.17405
8.16366
8.11882
8.10988
8.10454
8.09092
8.06239
8.0611
8.03628
8.03628
8.00271
8.00183
7.99507
7.987
7.93378
7.92678
7.91819
7.91256
7.90544
7.88127
7.86537
7.84582
7.84582
7.83322
7.82888
7.81499
7.81483
7.77738
7.77738
7.76139
7.75939
7.73797
7.73797
7.72016
7.71736
7.71736
7.71417
7.65575
7.65575
7.65268
7.63576
7.62998
7.62059
7.60424
7.59091
7.59091
7.57198
7.56267
7.54283
7.52947
7.5247
7.50886
7.50401
7.50028
7.49654
7.48901
7.47504
7.46326
7.45764
7.4393
7.43211
7.43209
7.41043
7.39928
7.37688
7.37679
7.36256
7.36082
7.36057
7.35009
7.34169
7.33552
7.29339
7.29339
7.28383
7.27088
7.26584
7.25013
7.24843
7.23526
7.2224
7.21768
7.21307
7.20911
7.20333
7.19842
7.18924
7.17438
7.17139
7.16144
7.16144
7.15716
7.15716
7.12093
7.11458
7.09958
7.09415
7.0853
7.08197
7.06541
7.03471
7.03093
7.02967
7.02557
7.02157
7.00402
6.99508
6.98527
6.97717
6.95614
6.94883
6.94883
6.90287
6.90287
6.89966
6.88875
6.87652
6.87652
6.82849
6.82818
6.82379
6.82029
6.78802
6.78802
6.78802
6.78605
6.77836
6.76658
6.7625
6.75248
6.72615
6.72478
6.71691
6.71243
6.71156
6.70018
6.68319
6.68315
6.67801
6.66968
6.66479
6.66114
6.64324
6.63915
6.63915
6.6241
6.62274
6.61865
6.6167
6.60364
6.58773
6.58719
6.5791
6.57508
6.57465
6.557
6.557
6.54936
6.54835
6.53989
6.51738
6.51674
6.50954
6.50786
6.50091
6.48451
6.46574
6.45096
6.45033
6.4492
6.44657
6.44407
6.43904
6.41806
6.41806
6.41719
6.40528
6.39788
6.39773
6.39164
6.37851
6.37851
6.37586
6.37202
6.3707
6.33628
6.33468
6.31834
6.31765
6.3095
6.30901
6.30463
6.29299
6.29299
6.28944
6.27624
6.27601
6.27441
6.25573
6.25182
6.24648
6.23563
6.23538
6.23368
6.22421
6.22421
6.2174
6.21176
6.21176
6.20904
6.2037
6.19595
6.18482
6.1743
6.15353
6.15302
6.15001
6.14419
6.14266
6.13768
6.12754
6.12676
6.12282
6.09592
6.09402
6.09219
6.09084
6.07426
6.07398
6.0631
6.05779
6.05203
6.03257
6.0309
6.02776
6.01823
6.01248
6.00584
6.00241
5.9988
5.99332
5.98898
5.98044
5.97316
5.97108
5.95
5.94877
5.94674
5.94524
5.93024
5.93024
5.92954
5.92152
5.92152
5.91833
5.91432
5.90894
5.89577
5.89368
5.89229
5.88392
